data/landfire_maria_fire/ASP2020.asc
ncols        434
nrows        438
xllcorner    -2099595.000000000000
yllcorner    1481955.000000000000
cellsize     90.000000000000
NODATA_value -9999
[rows 92 to 137 of 438, columns 192 to 287 of 434]
238 268 292 349 105 146 135 95 183 229 259 228 110 185 172 158 181 225 163 135 253 190 193 129 131 158 116 185 147 154 194 86 117 225 225 170 162 132 90 101 151 166 153 215 258 75 71 85 135 75 144 255 271 207 182 207 214 122 124 158 158 84 70 204 208 205 219 198 183 127 150 143 162 169 170 137 104 138 74 81 169 197 194 133 147 164 124 115 184 216 185 161 169 200 187 99
181 171 178 170 74 66 133 105 95 247 268 276 103 157 184 233 196 152 216 316 313 170 209 119 130 183 119 188 172 155 190 222 89 226 249 160 160 170 116 115 160 173 150 246 255 73 58 39 40 73 136 244 194 234 241 177 192 138 205 194 185 94 48 49 88 230 229 215 171 152 145 162 202 157 139 160 106 175 142 76 66 173 174 134 110 141 127 146 209 192 170 162 165 192 187 107
180 162 171 207 124 59 62 157 102 245 261 159 130 165 170 220 136 273 296 313 81 185 204 109 112 191 153 217 167 171 176 229 98 232 237 161 158 162 128 131 166 159 190 243 246 80 70 53 52 64 79 234 177 280 161 190 197 194 239 194 148 152 213 31 58 224 218 223 177 134 144 166 187 138 141 154 105 158 144 124 72 173 142 173 163 109 122 148 198 184 170 163 156 199 190 128
165 160 161 212 83 186 145 88 106 252 185 151 145 198 165 158 271 294 285 191 102 267 291 141 77 50 220 187 137 278 308 282 80 217 197 165 164 142 111 169 169 159 200 216 205 134 146 122 132 105 89 235 240 97 226 203 182 191 171 165 146 221 239 104 80 238 262 211 179 141 153 128 144 139 82 128 115 135 132 163 110 119 185 122 108 180 174 147 190 178 170 161 157 183 194 127
159 159 160 208 121 103 175 111 199 187 154 165 164 160 172 307 308 244 155 187 136 262 -1 98 148 77 218 164 157 283 283 296 65 183 199 167 182 135 124 163 180 157 212 202 195 134 148 136 121 103 99 216 207 118 201 195 173 188 174 153 143 257 192 101 106 249 255 167 160 142 163 167 129 179 148 117 100 123 139 172 130 131 151 118 125 128 173 160 190 178 169 158 159 152 177 121
156 156 131 141 109 114 71 101 243 160 278 269 109 261 290 253 208 91 133 285 310 320 279 38 50 109 99 104 245 287 294 153 158 74 126 222 226 86 136 125 224 202 174 163 130 141 139 129 151 118 113 132 265 143 170 188 183 223 159 320 307 117 186 83 92 258 211 172 112 132 160 163 144 148 142 143 130 115 173 184 161 141 132 159 122 110 115 183 185 172 170 154 154 142 133 127
156 145 135 151 82 200 95 120 210 299 306 127 141 263 289 284 145 63 73 257 238 164 161 116 52 47 76 158 277 254 204 141 194 46 60 225 229 118 133 137 219 212 176 280 77 15 30 27 21 53 105 240 233 147 191 212 248 280 314 323 297 88 189 82 84 235 197 186 99 114 199 162 131 139 154 137 136 119 192 189 159 121 135 166 134 112 115 172 181 173 172 153 152 146 135 121
334 74 118 109 63 211 116 276 285 161 124 282 301 310 298 90 89 171 85 216 178 175 178 165 150 109 116 251 174 217 150 262 273 62 62 223 233 133 193 185 179 173 269 172 150 53 48 11 33 96 77 220 182 262 289 280 195 279 250 313 96 132 105 104 64 214 222 168 146 114 214 174 152 124 170 129 130 176 210 182 161 113 144 163 154 127 125 138 170 169 167 150 148 151 143 130
192 90 85 200 90 158 132 294 289 129 122 294 289 270 279 122 73 196 114 200 194 206 205 140 178 52 67 222 249 275 125 250 233 115 102 228 226 161 198 206 198 191 232 164 264 61 71 171 106 22 40 211 172 235 230 162 198 198 193 141 131 103 115 175 69 219 226 159 152 103 199 180 170 120 155 156 108 209 205 173 166 109 144 163 153 135 126 131 154 175 163 149 147 151 148 132
235 170 92 195 119 158 279 106 118 100 251 204 218 200 163 94 145 141 225 286 259 144 133 149 228 138 78 241 161 166 153 183 194 182 83 204 206 195 171 179 210 151 238 301 -1 126 113 77 140 144 146 145 209 240 269 312 316 93 160 173 159 109 118 201 143 95 224 136 132 129 130 152 168 150 160 154 170 188 184 175 176 96 171 156 154 147 133 132 144 161 168 147 140 149 146 149
212 183 126 142 98 277 278 118 119 108 241 268 249 235 200 84 66 275 305 351 133 163 113 164 229 140 104 232 140 168 223 167 210 212 85 212 192 207 150 185 206 152 249 274 90 127 136 84 39 37 52 88 212 216 260 295 332 122 130 182 203 103 115 163 155 105 231 130 120 114 114 137 138 136 179 204 200 186 180 178 171 100 184 161 154 150 142 127 136 152 168 149 136 149 145 155
183 264 283 140 135 275 285 51 63 64 252 253 165 175 168 116 116 276 260 98 79 101 141 100 188 170 134 216 237 204 169 191 226 244 101 223 205 171 230 203 170 165 234 179 121 137 112 181 148 31 29 78 220 224 252 151 163 144 154 123 194 150 157 129 122 120 203 133 120 121 120 124 120 109 190 192 184 179 181 175 171 117 176 153 152 146 145 140 125 147 156 148 143 138 140 138
80 254 140 173 304 290 266 18 43 90 219 211 145 167 225 129 114 253 205 151 63 50 70 120 168 167 152 218 209 124 126 228 254 268 99 220 198 236 181 183 168 165 221 201 107 145 131 103 140 196 -1 80 222 246 261 137 139 153 171 142 159 163 173 137 134 132 187 147 124 134 127 116 118 101 209 190 186 177 182 180 172 141 204 152 154 143 143 152 128 142 148 140 144 141 137 119
100 143 279 311 336 284 232 -1 72 69 124 186 132 169 254 330 309 299 310 324 53 24 13 41 38 104 134 220 189 144 144 230 241 199 111 212 145 191 160 181 171 166 165 164 163 133 173 111 183 191 179 91 194 249 179 143 160 168 160 169 147 180 166 140 161 140 134 160 136 116 122 129 124 116 209 184 185 178 178 175 165 220 164 159 153 140 138 145 150 138 141 141 139 140 143 125
58 135 276 257 153 161 193 125 90 55 49 177 159 314 321 337 315 319 278 74 87 123 117 136 122 89 111 167 185 159 183 251 258 117 116 189 149 183 160 184 168 163 171 142 134 100 169 120 145 172 169 102 191 167 155 155 171 179 160 163 142 173 161 145 155 149 140 153 143 113 121 121 127 119 201 184 181 178 179 175 154 220 168 163 153 146 135 139 147 139 142 137 144 133 142 131
57 192 193 202 137 251 236 227 56 104 154 142 240 246 265 310 327 301 128 114 15 24 29 35 11 11 43 189 189 210 246 272 250 103 215 162 210 183 162 175 175 173 167 133 130 112 111 119 117 118 101 96 113 46 74 77 126 175 163 161 171 173 166 125 150 165 158 134 122 122 125 123 121 131 178 178 178 183 175 172 131 224 172 167 160 144 148 146 137 147 150 145 142 139 135 130
137 61 221 151 153 286 147 236 60 70 119 178 251 230 220 252 284 162 94 174 181 82 25 357 352 26 48 207 191 217 242 283 206 139 209 190 199 186 158 182 177 173 166 152 131 101 110 102 106 130 156 108 125 124 123 130 129 169 171 171 178 175 170 126 123 173 149 144 134 103 92 95 89 104 147 176 181 180 176 165 139 208 170 171 163 142 151 144 132 138 155 143 140 141 -1 130
37 64 92 222 258 212 125 231 140 98 105 265 276 340 289 229 112 228 198 78 179 210 256 58 78 111 132 212 179 221 223 145 187 215 155 193 191 165 168 182 172 169 159 174 149 129 115 106 109 105 111 109 107 123 104 100 103 171 164 166 176 171 165 153 140 170 158 159 150 129 127 107 101 101 100 -1 173 180 174 160 193 179 154 162 161 145 150 148 127 132 149 157 148 136 134 138
92 14 62 208 190 218 122 169 186 77 100 248 236 143 174 214 118 233 200 54 79 255 253 140 64 45 51 156 237 270 266 179 186 190 158 189 188 170 168 172 185 168 154 176 145 136 128 113 104 102 96 108 95 122 108 96 98 139 155 158 173 166 166 155 163 169 158 161 157 140 124 122 111 97 94 -1 -1 185 178 -1 237 178 148 161 156 149 156 144 135 125 151 163 151 135 136 136
30 99 25 39 224 204 174 112 191 121 240 275 278 98 162 175 136 199 248 118 101 231 149 188 217 87 63 126 222 248 237 184 214 171 202 178 187 187 171 189 188 161 163 180 156 153 128 133 136 115 112 111 87 169 125 112 107 99 119 116 119 151 166 187 190 172 166 158 160 149 139 128 131 121 -1 -1 -1 -1 -1 193 177 169 159 166 152 155 163 149 147 123 -1 -1 -1 -1 128 131
58 10 31 67 143 207 223 154 144 134 262 284 250 116 154 142 199 301 275 108 115 245 106 200 180 145 133 179 235 218 191 215 199 160 221 183 178 191 174 194 182 162 164 172 151 160 143 124 134 136 116 118 110 173 157 110 107 102 101 121 120 118 145 192 189 174 165 159 154 149 147 127 132 131 -1 -1 -1 -1 186 170 182 166 164 166 151 153 165 151 149 131 -1 -1 -1 -1 -1 -1
73 35 3 38 50 208 194 158 181 301 295 44 127 61 190 203 218 190 152 106 105 207 138 176 147 118 139 234 219 213 174 194 196 203 189 179 172 188 170 179 183 161 158 170 153 162 147 145 127 142 146 116 109 118 184 120 119 117 119 111 113 130 116 176 179 175 172 172 155 146 154 132 126 -1 -1 -1 -1 -1 -1 -1 -1 161 166 160 158 145 162 153 152 -1 -1 -1 -1 -1 -1 -1
151 74 110 131 92 224 185 247 299 282 254 134 123 93 94 147 231 200 145 146 116 179 147 165 145 138 219 221 204 205 164 197 179 204 188 175 174 180 181 178 182 161 161 174 152 153 150 151 139 133 142 123 110 114 175 135 123 119 121 110 112 -1 123 151 175 180 183 166 162 133 153 146 130 -1 -1 -1 -1 -1 -1 -1 -1 155 163 -1 -1 139 -1 -1 -1 -1 -1 -1 -1 -1 -1 -1
197 100 73 86 80 246 150 255 237 241 243 119 172 169 125 184 158 161 178 169 147 170 172 158 125 231 225 206 195 178 200 177 175 193 189 171 180 178 180 166 176 158 158 174 154 156 149 145 151 136 137 149 140 147 123 185 132 126 118 122 123 126 145 -1 -1 187 183 168 165 138 137 140 150 -1 -1 -1 -1 -1 -1 -1 -1 -1 -1 -1 -1 -1 -1 -1 -1 -1 -1 -1 -1 -1 -1 -1
191 145 163 116 98 198 182 227 218 236 182 137 168 163 142 159 155 158 182 180 150 158 167 161 133 220 212 188 182 193 201 178 177 192 189 168 178 175 185 161 169 158 152 172 159 159 145 153 142 137 127 149 151 145 154 147 154 131 123 112 120 125 149 -1 -1 184 186 162 160 149 -1 135 -1 -1 -1 -1 -1 -1 -1 -1 -1 -1 -1 -1 -1 -1 -1 -1 -1 -1 -1 -1 -1 -1 -1 -1
133 74 39 82 105 220 193 205 231 181 142 147 147 160 173 171 131 166 174 176 180 147 167 182 196 194 195 182 194 193 197 174 184 180 178 167 173 175 187 153 188 144 160 174 164 162 147 155 148 138 131 150 132 173 166 108 175 114 119 114 114 114 132 -1 -1 -1 -1 -1 160 -1 -1 -1 -1 -1 -1 -1 -1 -1 -1 -1 -1 -1 -1 -1 -1 -1 -1 -1 -1 -1 -1 -1 -1 -1 -1 -1
93 144 4 49 58 204 189 183 231 146 136 152 151 171 172 179 142 166 170 197 189 153 161 199 194 199 201 188 199 215 204 181 189 168 179 169 179 164 192 153 189 136 160 169 163 162 157 158 152 143 128 156 141 172 163 135 133 126 110 104 101 103 -1 -1 -1 -1 -1 -1 -1 -1 -1 -1 -1 -1 -1 -1 -1 -1 -1 -1 -1 -1 -1 -1 -1 -1 -1 -1 -1 -1 -1 -1 -1 -1 -1 -1
84 211 148 123 73 113 196 159 183 146 139 157 174 181 177 178 171 162 193 213 212 -1 -1 188 202 201 178 211 181 198 193 179 202 157 181 173 186 166 192 161 182 140 153 171 166 157 153 149 157 153 137 147 166 168 159 153 130 141 138 111 104 112 115 -1 -1 -1 -1 -1 -1 -1 -1 -1 -1 -1 -1 -1 -1 -1 -1 -1 -1 -1 -1 -1 -1 -1 -1 -1 -1 -1 -1 -1 -1 -1 -1 -1
169 171 166 147 129 93 197 134 149 151 130 166 187 182 180 185 176 -1 -1 -1 -1 -1 -1 187 205 188 195 212 195 200 194 182 212 164 178 180 186 171 189 168 176 146 154 170 165 161 150 151 156 148 147 139 190 163 159 143 119 141 142 121 112 -1 -1 -1 -1 -1 -1 -1 -1 -1 -1 -1 -1 -1 -1 -1 -1 -1 -1 -1 -1 -1 -1 -1 -1 -1 -1 -1 -1 -1 -1 -1 -1 -1 -1 126
152 159 161 142 129 143 -1 130 125 150 135 -1 -1 -1 -1 -1 -1 -1 -1 -1 -1 -1 -1 -1 186 219 225 204 177 199 201 200 189 162 169 189 182 177 176 173 165 159 156 167 166 169 145 163 148 137 145 177 189 167 155 162 108 141 151 132 126 -1 -1 -1 89 -1 -1 -1 85 -1 -1 -1 121 -1 -1 221 -1 -1 -1 -1 357 355 355 350 351 0 18 -1 -1 -1 -1 -1 -1 -1 -1 121
148 161 152 134 123 -1 -1 130 131 -1 -1 -1 -1 -1 -1 -1 -1 -1 -1 -1 -1 -1 -1 -1 -1 229 214 197 187 201 194 189 191 160 168 190 179 171 176 168 170 159 161 166 167 171 148 168 150 151 147 187 185 172 151 171 114 147 -1 135 132 -1 -1 -1 80 -1 -1 357 17 200 -1 -1 109 214 148 329 345 348 347 351 342 357 359 359 2 -1 -1 50 -1 -1 -1 -1 -1 -1 -1 -1
157 166 163 130 131 -1 147 -1 -1 -1 -1 -1 -1 -1 -1 -1 -1 -1 -1 -1 -1 -1 -1 -1 -1 205 185 196 203 185 182 185 190 160 184 180 165 173 174 163 170 150 158 173 173 168 152 166 157 155 168 185 178 172 149 168 132 153 157 -1 -1 -1 -1 105 134 279 286 -1 94 198 -1 -1 129 286 290 -1 -1 10 -1 -1 -1 -1 -1 -1 -1 120 140 144 -1 -1 -1 -1 -1 136 -1 -1
150 171 165 131 137 -1 -1 -1 -1 -1 -1 -1 -1 -1 -1 -1 -1 -1 -1 -1 -1 -1 -1 201 -1 197 188 205 201 174 180 188 186 168 179 174 162 170 182 160 176 149 155 171 171 165 157 164 164 149 182 182 177 174 151 180 136 160 -1 -1 -1 -1 -1 96 -1 248 211 155 120 -1 -1 -1 115 291 259 181 172 147 151 157 160 129 155 158 120 85 100 -1 168 -1 -1 -1 125 -1 -1 -1
131 206 173 146 -1 -1 -1 -1 -1 -1 -1 -1 -1 -1 -1 -1 -1 -1 -1 -1 -1 -1 -1 -1 205 -1 -1 192 186 160 179 175 188 184 184 164 173 171 180 155 190 157 148 167 170 165 155 162 171 174 182 186 184 168 163 -1 135 -1 -1 -1 -1 96 -1 84 91 179 160 158 149 191 171 129 141 166 175 182 177 135 156 196 141 127 102 172 161 124 112 -1 -1 -1 -1 101 -1 -1 -1 -1
32 -1 159 195 -1 -1 -1 -1 -1 -1 -1 -1 -1 -1 -1 -1 -1 -1 -1 -1 -1 -1 -1 -1 -1 -1 -1 181 177 148 173 177 187 186 179 166 174 171 186 163 184 166 143 167 172 168 158 163 168 176 176 192 178 166 182 166 -1 -1 -1 -1 -1 -1 -1 160 76 166 162 163 165 189 -1 126 145 172 181 169 182 136 139 192 160 137 122 167 169 155 155 -1 -1 -1 -1 94 -1 -1 -1 -1
157 207 -1 -1 -1 -1 -1 -1 -1 -1 -1 -1 -1 -1 -1 -1 -1 -1 -1 -1 -1 -1 -1 -1 -1 -1 197 -1 176 139 145 180 196 174 177 169 168 184 177 171 165 168 142 172 171 173 169 182 182 184 -1 174 177 -1 -1 -1 154 -1 175 -1 -1 136 137 -1 157 103 -1 -1 -1 -1 -1 -1 -1 -1 -1 -1 182 165 128 162 155 143 -1 -1 -1 -1 -1 -1 -1 -1 -1 -1 -1 -1 -1 -1
-1 239 -1 -1 -1 -1 -1 -1 -1 -1 -1 -1 -1 -1 -1 -1 -1 -1 -1 -1 -1 -1 -1 -1 -1 -1 -1 -1 -1 -1 -1 -1 198 172 175 170 171 179 176 167 160 168 147 174 168 173 179 -1 -1 -1 -1 -1 -1 190 181 -1 -1 -1 -1 166 157 140 141 149 165 -1 -1 142 181 -1 -1 159 -1 -1 -1 -1 -1 153 137 151 161 -1 -1 -1 -1 -1 -1 -1 -1 -1 114 -1 -1 -1 -1 -1
-1 -1 -1 -1 -1 -1 -1 -1 -1 -1 -1 -1 -1 -1 -1 -1 -1 -1 -1 -1 -1 -1 -1 -1 -1 -1 180 164 -1 -1 -1 163 195 171 162 174 184 176 175 165 158 163 163 183 171 -1 -1 -1 -1 -1 -1 -1 -1 -1 184 173 -1 171 179 -1 -1 178 -1 141 -1 -1 -1 89 140 177 150 168 172 186 155 163 167 113 -1 -1 -1 -1 -1 -1 -1 -1 -1 -1 -1 -1 -1 121 -1 -1 -1 -1
-1 -1 -1 -1 -1 -1 -1 -1 -1 -1 -1 -1 -1 -1 -1 -1 -1 -1 -1 -1 -1 -1 -1 -1 -1 -1 -1 -1 -1 -1 -1 -1 190 170 168 176 181 175 171 169 -1 -1 -1 -1 -1 -1 -1 -1 -1 -1 -1 -1 -1 -1 176 -1 -1 188 185 -1 -1 182 -1 -1 209 -1 136 154 155 169 169 -1 -1 -1 -1 -1 -1 -1 -1 -1 -1 -1 -1 -1 -1 -1 -1 -1 -1 -1 -1 -1 -1 -1 -1 -1
-1 -1 -1 -1 -1 -1 -1 -1 -1 -1 -1 -1 -1 -1 -1 -1 -1 -1 -1 -1 -1 -1 -1 -1 -1 -1 -1 -1 -1 -1 -1 -1 -1 -1 -1 -1 -1 -1 -1 -1 -1 -1 156 170 192 199 -1 -1 -1 -1 -1 -1 -1 -1 -1 -1 -1 -1 185 -1 -1 -1 -1 107 140 140 -1 -1 -1 -1 -1 233 -1 -1 -1 -1 -1 -1 -1 -1 -1 -1 -1 -1 -1 -1 -1 -1 -1 -1 -1 -1 -1 -1 -1 -1
-1 -1 154 -1 -1 -1 -1 -1 -1 -1 -1 -1 -1 -1 -1 -1 -1 -1 -1 -1 -1 -1 -1 -1 -1 -1 -1 -1 -1 -1 -1 -1 -1 163 172 173 180 166 161 172 161 160 153 169 182 177 174 169 174 170 172 170 168 188 -1 -1 -1 -1 -1 -1 -1 211 -1 133 132 -1 -1 -1 -1 -1 -1 -1 -1 162 151 -1 -1 -1 -1 -1 -1 -1 -1 -1 -1 -1 -1 -1 -1 -1 -1 -1 -1 -1 -1 -1
139 -1 -1 -1 -1 -1 -1 -1 -1 -1 -1 -1 -1 -1 -1 -1 -1 194 -1 -1 -1 -1 -1 -1 -1 -1 -1 -1 -1 -1 -1 138 155 154 -1 -1 -1 -1 -1 -1 -1 -1 -1 -1 -1 -1 -1 -1 -1 -1 -1 223 -1 218 209 -1 -1 202 -1 157 159 162 132 -1 -1 -1 -1 -1 -1 -1 -1 -1 -1 -1 -1 -1 -1 -1 -1 -1 -1 -1 -1 -1 -1 -1 -1 -1 -1 -1 -1 -1 -1 -1 -1 -1
170 -1 -1 -1 -1 -1 -1 -1 -1 -1 -1 -1 -1 -1 -1 -1 -1 205 171 -1 -1 -1 -1 -1 -1 -1 -1 -1 -1 -1 -1 129 -1 -1 -1 -1 -1 -1 -1 -1 -1 -1 -1 -1 -1 -1 -1 -1 -1 -1 -1 206 197 -1 233 -1 -1 183 158 144 156 137 -1 -1 -1 -1 -1 -1 -1 -1 -1 -1 -1 -1 -1 -1 -1 -1 -1 -1 -1 -1 -1 -1 -1 -1 -1 -1 -1 -1 -1 -1 -1 -1 -1 -1
-1 -1 -1 -1 -1 -1 -1 -1 -1 -1 -1 -1 -1 -1 -1 164 159 -1 -1 169 188 -1 -1 -1 -1 -1 -1 -1 -1 -1 118 -1 -1 -1 -1 -1 -1 -1 -1 -1 -1 -1 -1 -1 -1 -1 -1 -1 -1 -1 -1 -1 -1 192 181 174 172 124 154 -1 -1 -1 -1 -1 -1 -1 -1 -1 -1 -1 -1 -1 -1 -1 -1 -1 -1 -1 -1 -1 -1 -1 -1 -1 -1 -1 -1 -1 -1 -1 -1 -1 -1 -1 -1 -1
-1 -1 -1 -1 -1 -1 -1 -1 -1 -1 -1 -1 -1 -1 -1 -1 -1 -1 -1 -1 -1 208 -1 -1 -1 -1 -1 -1 -1 -1 96 -1 -1 -1 -1 -1 -1 -1 -1 -1 -1 -1 -1 -1 -1 -1 -1 -1 -1 -1 -1 -1 -1 -1 -1 204 194 142 -1 -1 -1 -1 -1 -1 -1 -1 -1 -1 -1 -1 -1 -1 -1 -1 -1 -1 -1 -1 -1 -1 -1 -1 -1 -1 -1 -1 -1 -1 -1 -1 -1 -1 -1 -1 -1 -1
-1 -1 -1 -1 -1 -1 -1 -1 -1 -1 -1 -1 -1 -1 -1 -1 -1 -1 -1 -1 -1 201 179 -1 -1 -1 -1 -1 -1 -1 -1 -1 -1 -1 -1 -1 -1 -1 -1 -1 -1 -1 -1 -1 -1 -1 -1 -1 -1 -1 -1 -1 -1 -1 -1 -1 -1 -1 -1 -1 -1 -1 -1 -1 -1 -1 -1 -1 -1 -1 -1 -1 -1 -1 -1 -1 -1 -1 -1 -1 -1 -1 -1 -1 -1 -1 -1 -1 -1 -1 -1 -1 -1 -1 -1 -1
