data/landfire_maria_fire/ASP2020.asc
ncols        434
nrows        438
xllcorner    -2099595.000000000000
yllcorner    1481955.000000000000
cellsize     90.000000000000
NODATA_value -9999
[rows 46 to 91 of 438, columns 192 to 287 of 434]
159 211 228 189 175 159 151 185 204 217 200 188 204 212 208 216 226 2 0 330 317 8 13 25 13 327 316 356 358 3 3 308 346 349 321 352 1 353 2 337 307 339 328 354 5 7 345 337 329 341 328 338 341 350 336 318 93 139 117 146 165 190 197 29 21 117 214 211 229 21 46 67 73 55 47 64 65 18 26 24 4 357 1 22 33 52 125 174 176 139 119 148 175 169 150 168
253 253 159 193 193 159 140 247 256 207 223 220 226 228 228 226 228 242 234 314 290 36 41 0 2 331 304 357 0 5 6 323 333 317 334 325 349 357 355 335 321 349 338 349 4 351 335 337 338 339 326 325 339 340 337 54 46 35 34 46 77 209 205 159 113 93 126 199 206 214 60 57 56 89 89 41 25 24 29 23 3 5 27 26 25 31 26 33 77 155 135 348 10 167 165 158
251 183 154 190 186 175 171 256 200 218 220 220 223 225 226 229 230 217 214 196 203 158 14 357 0 339 307 359 6 10 8 325 332 320 339 334 336 355 358 324 322 358 351 338 6 358 349 337 348 248 187 237 284 331 348 41 27 32 23 43 60 207 215 150 120 65 67 218 232 229 124 72 84 41 23 32 10 20 22 5 350 7 22 24 39 21 25 55 27 7 347 350 0 35 45 157
195 171 205 223 230 222 226 211 226 235 236 246 245 236 235 242 244 240 210 190 191 190 189 176 176 172 218 121 114 38 7 311 349 306 325 335 340 354 3 315 336 58 84 265 54 342 2 92 141 148 175 222 231 198 142 101 100 95 107 108 85 125 215 202 116 148 153 251 273 303 329 26 12 15 15 7 8 3 354 6 359 354 359 37 32 40 37 14 355 352 334 24 24 22 40 353
201 218 230 245 245 256 256 252 258 278 290 309 313 292 287 270 261 204 201 189 190 190 180 177 180 173 195 138 165 181 164 221 234 278 301 327 244 120 178 220 178 62 67 266 93 166 189 75 105 153 181 205 209 188 202 94 102 98 93 114 115 105 186 200 131 132 240 264 249 204 154 152 41 12 10 1 8 1 3 12 3 356 10 35 13 38 24 5 355 342 337 37 13 36 50 359
237 248 261 278 278 323 326 288 321 293 295 293 287 280 230 191 183 197 195 191 194 188 171 166 171 176 201 130 140 162 178 168 203 214 186 128 150 127 158 174 191 142 99 176 118 160 211 97 98 132 181 212 197 143 205 219 66 40 32 38 32 26 30 180 181 157 244 203 161 226 162 150 186 175 177 198 44 22 20 42 50 26 37 48 53 78 76 0 57 16 38 42 55 45 15 38
242 245 241 237 248 270 307 256 267 294 282 263 256 215 182 183 179 194 200 195 193 181 167 161 164 184 216 133 127 157 196 171 221 198 197 152 116 138 139 189 196 162 138 171 112 143 184 108 75 105 169 206 194 165 217 227 62 23 31 32 45 72 74 59 139 182 222 171 183 240 140 113 181 163 178 203 171 22 29 18 19 22 45 51 75 59 41 43 15 51 69 93 88 33 40 28
327 348 288 245 238 224 219 223 219 226 236 247 196 174 159 181 188 199 201 193 185 168 166 161 176 215 219 140 119 190 198 234 216 213 158 183 150 160 117 192 159 169 216 130 149 104 134 194 145 101 127 191 173 232 234 219 217 38 54 62 49 52 62 86 97 145 243 239 226 203 122 112 158 153 187 198 188 215 222 36 20 63 43 65 66 73 54 51 43 54 46 33 16 339 354 40
318 0 340 274 251 251 232 232 229 240 248 228 175 163 164 195 194 209 208 199 191 163 167 171 181 212 220 150 120 194 204 214 224 169 156 186 147 181 115 182 150 219 242 95 119 134 125 196 172 101 107 199 210 249 217 231 217 201 76 60 67 59 57 43 55 231 252 230 169 226 113 91 127 172 175 201 208 231 232 25 49 50 26 64 70 53 53 32 21 6 13 355 349 324 10 64
264 345 1 325 306 261 264 268 259 245 231 170 146 205 234 170 198 212 220 199 182 150 154 196 243 269 151 146 138 231 207 217 204 134 149 211 136 154 126 164 170 231 214 96 87 111 123 177 179 122 124 248 263 207 204 226 199 231 168 63 60 97 98 74 62 106 196 191 247 168 166 97 114 194 234 282 287 292 270 265 35 41 43 33 28 32 17 348 13 357 9 0 359 24 78 76
211 228 325 333 339 281 255 260 236 241 211 166 138 256 225 156 203 231 230 187 165 158 149 239 260 231 128 126 135 224 179 226 224 118 148 205 130 154 127 157 211 218 230 112 79 83 103 161 191 130 133 244 235 196 194 249 239 205 188 77 84 100 132 115 104 72 146 212 219 169 164 97 86 226 217 223 227 267 297 282 43 26 30 22 30 20 8 351 13 2 354 11 21 67 82 20
199 211 217 211 227 338 313 282 263 204 211 145 199 217 196 185 223 211 173 157 135 169 206 262 252 147 126 115 109 198 201 215 206 115 138 172 141 150 137 249 258 213 175 135 163 88 84 110 168 143 185 216 173 241 267 244 191 192 188 203 36 24 51 63 87 110 82 226 206 133 165 167 117 226 236 206 219 257 250 177 163 112 84 86 82 35 16 17 21 32 54 50 68 40 17 339
179 214 222 224 236 262 301 229 215 196 221 123 185 220 171 200 202 193 159 149 139 228 270 255 230 143 115 118 116 178 236 258 242 105 127 185 157 142 146 249 248 206 165 118 167 116 103 87 142 177 187 195 194 260 257 210 177 194 223 197 141 93 78 63 64 102 107 224 191 123 158 138 118 243 246 212 213 229 191 161 160 173 96 104 101 118 143 80 22 46 40 49 39 23 358 334
339 245 232 229 244 186 198 196 210 204 230 147 138 251 255 192 206 184 181 140 199 230 243 258 236 141 127 132 151 247 254 204 130 117 121 214 134 131 261 232 204 173 158 116 132 105 111 116 151 197 206 249 277 280 271 111 107 221 196 220 198 101 99 73 56 54 56 67 149 111 149 192 85 232 257 271 282 259 244 151 220 230 60 18 17 50 75 200 172 358 47 18 17 24 8 342
342 330 305 279 252 179 204 199 203 203 218 145 131 213 193 159 186 196 182 173 194 274 277 255 215 118 133 137 169 242 225 199 141 92 104 207 127 226 248 202 196 171 153 119 129 86 90 114 167 208 219 289 288 281 274 124 109 216 181 230 188 91 75 69 79 55 33 34 48 147 133 189 150 242 256 267 239 200 189 186 248 263 350 24 40 91 92 177 174 208 105 349 27 40 34 5
210 164 200 154 177 187 199 215 221 225 214 140 140 187 207 180 186 239 229 213 193 228 222 193 143 129 117 171 124 238 197 216 111 125 117 205 104 228 211 197 213 140 161 136 189 96 100 111 197 280 292 291 279 262 257 113 113 207 235 220 169 145 162 78 45 49 68 77 69 5 6 119 260 266 234 199 222 231 149 258 253 226 194 104 98 92 82 76 152 180 142 208 161 108 126 147
224 151 216 155 192 187 209 238 211 194 198 153 162 137 213 193 202 218 172 218 192 221 221 177 144 129 117 178 118 219 175 239 103 102 117 195 110 231 203 189 210 132 151 150 225 119 108 142 213 281 297 306 302 284 260 103 106 238 243 211 148 131 174 130 114 91 97 64 35 22 80 165 248 223 220 252 257 169 184 252 215 211 215 111 97 88 92 95 104 162 147 201 156 138 143 173
200 221 223 194 212 254 255 209 199 186 167 186 179 206 243 184 198 197 208 193 225 230 224 172 155 156 156 165 107 188 222 154 127 116 173 163 134 215 185 204 185 148 139 246 170 126 121 200 249 241 236 250 263 121 121 102 96 227 220 207 138 121 145 173 178 116 98 117 116 110 100 188 248 260 257 211 203 241 250 266 274 214 172 106 110 89 82 79 83 159 169 178 143 138 136 193
177 246 225 265 243 232 220 207 200 151 169 186 175 210 183 140 182 211 232 279 285 237 211 148 159 173 140 171 106 203 230 143 129 107 179 148 128 193 179 205 164 153 152 242 132 119 118 214 247 240 251 251 239 116 116 98 99 233 222 226 119 119 127 188 183 123 115 117 120 96 83 234 240 227 217 200 200 263 266 260 248 190 160 108 101 100 99 85 74 102 179 170 138 141 130 198
274 279 111 210 194 208 209 165 191 157 187 244 186 139 175 174 179 207 210 223 242 153 122 165 147 171 134 158 113 208 207 142 150 89 157 145 141 142 176 182 149 182 238 163 140 120 176 273 310 274 255 250 237 101 90 94 87 231 226 215 143 104 104 194 186 147 101 104 122 120 117 189 220 199 210 278 275 244 214 208 202 190 181 150 136 64 51 41 52 50 53 210 113 140 141 197
263 132 111 227 242 224 216 168 204 166 204 219 175 152 170 207 264 292 280 241 260 129 124 170 160 147 155 156 110 213 195 131 147 116 101 144 145 139 150 174 160 200 225 150 136 136 192 244 245 264 262 212 209 118 98 91 91 228 222 207 156 90 86 178 199 175 122 83 76 85 108 214 269 293 293 270 256 196 201 212 208 180 191 157 171 72 66 82 86 84 70 202 116 136 144 180
242 119 232 223 177 191 177 209 134 246 265 176 166 145 245 265 252 244 283 258 238 117 143 131 133 123 185 114 144 222 112 170 108 173 169 145 145 155 142 143 192 169 197 156 156 178 183 222 188 199 212 223 225 152 127 112 105 241 201 214 139 129 121 107 210 180 161 129 90 76 77 190 227 240 254 214 207 222 215 202 185 198 163 157 187 157 126 96 101 89 90 114 178 65 128 146
248 127 237 192 175 190 189 198 138 252 246 194 203 279 289 271 270 272 265 321 253 98 130 119 135 110 186 106 212 203 93 171 148 148 182 151 150 156 151 147 174 166 177 175 180 175 182 213 210 281 264 231 183 172 123 129 111 226 171 232 130 113 134 100 214 190 162 165 111 87 80 126 232 255 244 220 221 212 212 197 184 196 153 155 170 165 157 95 93 87 80 103 219 70 80 136
147 279 326 331 338 305 302 339 333 219 212 175 242 265 257 265 285 266 257 -1 106 180 112 119 188 149 163 131 252 303 42 68 93 161 183 152 149 144 167 154 161 174 187 192 187 191 240 282 304 263 208 167 142 197 165 101 105 227 228 250 252 98 75 71 151 194 163 199 155 98 94 142 240 245 250 212 202 206 213 191 185 185 157 140 165 161 167 128 85 103 116 128 153 147 142 86
256 300 306 310 343 324 331 323 337 322 308 318 285 246 233 231 225 218 233 118 104 167 164 98 177 185 130 206 253 264 43 63 66 168 184 151 146 148 163 156 161 180 193 177 191 225 270 274 285 218 155 160 146 189 171 115 87 221 243 243 192 92 118 82 74 188 171 192 184 106 101 199 250 252 200 212 247 200 204 210 190 184 156 153 157 164 161 142 108 57 62 99 121 144 169 99
277 283 312 326 290 13 294 312 292 316 301 333 312 321 309 266 242 227 221 149 130 102 161 120 112 165 110 261 270 264 125 63 51 51 91 153 151 151 159 163 160 184 189 178 189 261 265 202 164 163 146 152 142 190 170 211 88 220 241 178 233 52 49 42 30 26 47 179 195 107 107 134 228 210 262 246 167 156 198 192 182 143 160 156 107 178 170 150 112 104 112 93 75 37 59 163
266 258 212 268 284 89 304 291 287 314 274 209 232 262 270 277 296 224 222 147 148 123 114 142 121 147 109 245 239 221 128 76 61 54 66 149 158 146 160 167 162 175 191 186 204 273 264 153 166 167 149 147 135 206 175 219 123 229 216 223 226 91 56 20 22 26 40 92 185 105 86 92 224 247 236 202 156 163 220 198 220 130 170 152 97 199 154 163 155 73 64 54 52 53 50 113
301 187 181 198 199 216 259 275 283 231 221 247 240 257 260 249 256 251 255 108 131 154 152 145 185 129 237 256 245 236 107 107 134 149 153 155 151 150 157 173 168 190 182 196 216 213 217 135 147 182 153 144 135 217 179 228 214 72 202 221 186 217 185 98 107 96 63 71 94 150 95 108 246 209 194 200 158 221 254 255 218 115 207 104 125 211 193 157 152 114 85 53 61 66 45 23
138 182 236 228 218 263 251 261 226 224 228 255 244 258 254 251 245 266 229 106 106 141 163 106 211 150 248 259 248 225 110 55 45 23 19 153 155 148 158 174 170 193 178 196 213 220 221 120 144 188 166 126 139 215 187 222 199 124 140 200 184 199 190 126 106 138 134 93 94 115 113 107 224 193 200 192 166 267 260 234 209 103 200 107 83 220 175 149 152 155 103 81 81 83 100 96
165 263 264 284 294 292 317 289 273 -1 236 256 250 225 245 248 243 196 128 128 109 149 124 145 136 233 223 221 198 199 204 35 25 68 81 52 97 148 162 179 182 191 165 210 230 256 190 129 133 173 172 149 164 208 223 244 153 130 158 198 202 200 210 107 119 115 118 115 104 84 137 64 123 224 234 208 244 225 221 213 168 108 178 187 118 177 194 155 144 131 165 122 112 112 120 146
286 292 288 260 259 286 309 309 286 308 297 260 239 269 259 259 253 173 134 157 110 134 154 146 129 238 212 202 171 224 234 192 59 79 67 83 102 156 161 179 174 191 159 215 246 269 118 107 139 161 168 156 164 229 234 224 137 138 166 232 228 182 204 119 94 80 73 88 99 104 87 86 71 220 206 241 259 247 223 192 158 113 139 177 167 97 192 174 176 121 126 115 102 77 81 116
275 292 261 311 296 290 275 296 279 327 327 321 301 305 279 143 171 151 141 164 148 126 141 115 184 230 197 231 249 260 246 227 107 55 70 98 106 165 156 167 180 169 169 220 228 139 141 102 99 156 145 184 153 245 244 119 119 116 192 206 183 204 213 145 116 103 85 77 92 76 84 104 88 228 229 229 231 176 199 177 162 145 126 176 197 111 110 194 198 173 125 127 135 71 46 29
283 325 290 277 297 285 303 317 329 318 315 341 313 204 190 149 164 153 146 153 156 130 162 116 252 191 216 229 221 213 200 220 203 65 70 79 90 164 159 174 185 177 171 247 259 139 142 125 102 185 129 167 166 248 241 111 108 112 160 212 170 220 224 168 129 78 102 109 84 109 82 95 112 224 222 236 221 188 213 148 165 140 131 205 226 109 109 181 197 179 136 112 139 58 42 39
346 267 294 282 300 277 297 290 283 317 341 108 162 157 172 161 167 140 94 144 134 167 189 193 198 213 223 189 229 193 171 221 215 90 81 87 88 143 158 173 166 178 172 236 209 133 133 163 130 199 147 179 256 251 228 129 111 105 92 204 169 242 232 171 93 91 90 90 104 102 109 124 99 274 271 218 191 189 197 147 146 142 129 228 235 78 82 174 210 175 171 143 153 157 195 50
336 296 269 296 292 284 268 308 305 297 115 109 131 154 191 193 159 158 130 122 143 201 146 257 269 220 175 227 239 161 200 252 214 73 73 89 83 133 159 174 164 176 177 238 137 119 163 159 156 163 168 174 235 217 197 149 119 112 122 197 229 230 203 196 162 63 86 114 120 111 101 120 111 254 201 210 182 193 198 152 149 134 126 245 233 103 86 158 200 174 179 131 148 181 204 59
268 314 287 254 260 237 249 238 192 137 107 125 200 158 218 204 174 161 121 130 121 183 136 250 193 212 151 228 202 227 253 195 181 113 87 67 52 61 130 169 182 171 181 176 155 87 90 148 247 108 165 249 261 167 220 186 164 102 99 213 235 224 201 202 224 104 75 87 91 123 108 95 104 212 203 194 165 226 226 154 156 119 119 212 209 127 110 80 196 158 152 126 143 194 213 134
233 250 276 282 268 231 231 238 150 152 124 109 190 157 208 218 205 143 128 129 130 173 116 258 160 181 197 205 181 241 235 184 189 151 82 29 31 61 79 183 168 174 176 160 168 51 57 167 244 69 132 284 208 189 221 196 175 126 107 252 235 199 201 212 227 138 93 85 91 113 117 64 66 199 200 191 143 238 196 151 144 131 136 235 206 157 108 83 162 178 135 143 139 211 210 135
266 290 144 226 246 221 232 196 139 135 137 160 126 147 178 218 180 162 136 144 194 117 121 246 114 166 212 285 307 224 183 206 198 177 153 156 121 53 72 174 166 174 177 160 143 94 95 161 218 143 87 208 163 183 173 250 264 53 83 223 242 209 205 221 242 135 127 117 103 100 98 118 50 57 182 181 200 191 177 184 146 113 225 223 187 153 131 134 58 150 170 177 165 184 136 218
249 185 129 258 251 221 223 176 171 102 115 177 142 161 147 210 154 187 136 156 207 100 223 197 123 168 255 279 282 166 182 194 186 175 165 121 174 85 64 114 178 172 174 175 151 125 102 110 211 165 122 216 185 121 186 257 262 64 80 226 240 196 209 231 230 128 124 110 123 108 96 124 101 47 65 201 226 177 173 181 153 119 233 218 175 153 144 181 112 62 163 146 193 188 120 229
209 143 222 234 207 222 223 171 211 127 96 130 184 171 119 218 124 196 150 200 194 85 230 155 153 241 249 203 225 101 187 155 203 305 353 139 137 146 152 73 145 156 169 182 171 62 81 76 96 174 140 158 232 147 226 216 208 96 76 231 230 175 204 238 230 95 88 104 90 47 57 82 78 75 60 207 196 196 168 172 161 184 222 178 156 146 160 226 231 102 90 91 228 168 119 167
199 165 239 253 165 250 230 189 163 161 129 101 177 185 123 176 152 188 156 183 184 86 232 158 162 229 198 219 193 91 130 157 234 262 13 359 24 76 102 95 118 161 160 186 166 62 56 45 50 182 159 76 216 230 256 217 216 264 69 213 210 157 240 241 237 90 101 100 107 106 97 93 99 107 81 141 189 185 172 181 166 179 218 143 156 139 171 232 177 132 127 93 231 168 123 161
252 262 259 164 231 175 172 172 101 164 144 129 221 185 122 176 186 152 195 185 185 104 170 169 144 207 225 212 167 105 77 216 208 232 231 62 46 75 91 118 133 177 148 186 180 312 36 78 87 123 173 105 270 321 348 254 267 87 78 74 232 192 209 223 167 171 85 88 77 122 119 48 38 357 32 36 38 162 185 186 162 261 210 68 87 132 127 186 148 110 152 139 224 104 124 134
261 257 236 203 183 174 157 175 112 165 148 163 224 187 154 195 202 172 210 191 183 129 224 174 142 217 214 192 198 119 119 234 270 292 250 185 48 77 61 96 128 185 155 183 173 218 95 71 55 79 190 142 257 235 287 300 275 51 18 60 210 182 233 201 163 198 156 34 51 44 11 26 27 12 8 30 28 28 89 193 271 188 190 102 81 184 119 152 159 105 118 175 230 89 87 144
231 202 190 201 197 158 108 209 119 130 135 196 189 213 213 222 176 192 201 145 141 302 265 138 220 199 178 221 206 153 74 215 227 171 162 248 112 70 68 93 136 181 169 186 184 249 148 82 93 98 144 216 230 260 265 261 263 81 134 56 45 193 201 191 168 223 227 180 44 14 334 20 346 297 315 38 52 60 72 215 235 155 183 156 66 179 176 139 143 186 108 182 210 103 120 74
220 207 222 186 200 132 98 193 177 130 136 271 311 319 335 90 166 193 207 136 277 173 165 161 227 180 184 210 205 220 81 184 224 168 214 237 152 85 80 79 122 183 175 190 188 236 130 119 101 98 154 225 242 251 242 256 255 66 86 39 41 43 183 201 166 207 211 216 -1 35 74 62 53 210 161 93 61 60 77 166 229 131 195 191 78 33 181 149 99 188 128 173 204 120 104 106
206 201 197 223 134 128 143 107 205 139 258 282 66 195 163 160 167 226 214 173 187 312 310 14 42 140 135 194 152 176 185 68 198 264 258 170 164 87 90 88 148 178 167 191 250 76 88 146 123 107 140 250 261 276 251 208 200 92 109 143 144 59 56 194 214 215 222 218 178 145 153 137 127 175 157 126 111 90 69 96 205 166 212 128 114 147 131 84 186 200 172 165 170 200 163 63
