data/landfire_maria_fire/ASP2020.asc
ncols        434
nrows        438
xllcorner    -2099595.000000000000
yllcorner    1481955.000000000000
cellsize     90.000000000000
NODATA_value -9999
[rows 276 to 321 of 438, columns 192 to 287 of 434]
-1 -1 -1 -1 -1 -1 -1 -1 -1 -1 -1 -1 -1 -1 -1 103 -1 -1 -1 289 279 256 288 270 293 65 323 273 35 4 314 16 328 305 325 330 345 63 35 36 -1 -1 -1 203 194 170 160 142 146 319 327 334 330 355 315 345 335 306 338 309 331 354 22 337 359 352 327 358 350 341 3 340 342 333 1 -1 -1 -1 -1 -1 -1 -1 -1 270 320 44 293 83 40 8 20 326 7 -1 -1 -1
-1 -1 -1 -1 -1 -1 -1 -1 -1 -1 -1 -1 -1 -1 -1 -1 -1 -1 -1 276 284 287 263 268 269 28 307 323 354 3 318 0 26 296 316 327 2 11 5 33 9 319 344 338 339 337 329 323 340 339 318 5 315 38 291 308 35 285 56 302 105 79 25 263 260 10 46 331 17 284 1 8 353 4 39 0 19 6 -1 -1 319 321 311 278 300 17 358 25 42 284 56 -1 -1 -1 12 -1
-1 -1 -1 -1 -1 -1 -1 -1 -1 -1 -1 -1 -1 -1 116 -1 -1 -1 -1 285 294 308 272 255 214 354 337 333 348 357 309 352 15 296 311 350 17 355 358 1 355 330 345 321 349 330 323 309 341 345 310 346 328 9 301 308 57 270 14 350 68 341 16 280 260 67 5 346 48 248 283 352 2 0 53 1 8 9 4 315 313 323 326 287 321 19 13 10 57 220 82 -1 -1 -1 -1 14
-1 -1 -1 -1 -1 -1 -1 -1 -1 -1 -1 -1 -1 124 -1 -1 298 324 321 349 342 328 323 315 359 298 302 28 34 347 309 339 349 326 309 1 24 337 337 350 335 334 78 312 301 300 347 298 343 339 341 336 357 311 336 1 25 11 276 47 20 76 21 18 275 206 241 54 45 318 317 354 348 36 59 351 22 5 5 303 324 344 321 310 338 31 29 13 22 19 297 54 38 -1 -1 -1
-1 -1 -1 -1 -1 -1 -1 -1 -1 -1 -1 -1 -1 -1 -1 300 298 327 330 359 3 356 331 318 347 308 291 12 15 343 315 341 345 330 320 359 21 327 344 354 324 50 353 322 310 327 312 302 320 341 339 340 11 315 346 12 0 11 303 36 31 68 303 22 23 288 268 38 23 306 341 349 54 106 71 232 354 358 357 293 325 352 319 310 -1 59 43 29 96 289 315 87 322 0 4 -1
-1 -1 -1 -1 -1 -1 -1 158 167 168 168 -1 -1 -1 298 286 268 240 246 344 1 19 335 6 354 330 320 322 330 342 334 323 332 318 345 6 330 323 346 328 329 337 333 334 337 336 325 335 319 328 334 351 18 294 349 6 354 10 1 91 86 11 290 34 14 234 214 265 16 3 13 24 21 357 354 355 333 304 322 321 329 344 317 74 92 26 359 2 358 23 66 358 355 42 51 -1
-1 -1 -1 -1 -1 162 170 -1 -1 -1 -1 -1 -1 288 297 305 302 280 272 259 318 29 320 6 14 349 332 315 324 336 339 322 330 308 323 29 293 317 346 312 342 320 334 336 324 332 327 337 330 329 330 3 30 313 339 1 354 10 24 26 344 28 319 17 48 247 253 285 353 23 8 8 356 0 355 347 343 317 318 320 -1 -1 -1 46 50 330 351 5 24 6 17 0 357 93 96 -1
-1 -1 -1 100 -1 -1 -1 -1 -1 -1 -1 -1 329 285 285 287 282 275 257 271 137 219 264 15 351 7 12 318 311 334 353 324 347 322 326 18 4 296 326 318 317 321 324 313 315 -1 216 183 177 151 188 151 141 159 173 161 171 214 24 54 111 119 104 32 348 331 266 218 157 124 128 146 154 172 172 161 158 161 153 172 156 168 174 157 -1 170 142 135 86 321 4 21 8 15 22 35
-1 -1 -1 -1 -1 -1 -1 -1 -1 -1 -1 322 338 326 321 321 304 257 264 146 153 261 262 182 274 22 15 356 339 290 4 336 349 327 337 16 4 296 304 334 299 -1 162 188 166 159 180 167 177 157 191 77 99 154 219 156 199 208 160 122 106 116 11 12 335 316 352 225 171 55 50 96 -1 123 177 169 165 162 160 174 161 184 163 182 191 152 147 -1 336 182 152 23 10 64 89 55
-1 -1 331 336 336 332 330 340 349 336 334 234 178 222 201 250 238 210 201 155 247 157 155 194 210 129 159 218 334 16 22 310 278 126 217 183 -1 222 123 193 217 150 113 241 308 321 336 323 350 295 287 141 124 79 112 254 273 285 353 13 11 325 353 2 31 325 322 353 26 61 21 356 18 25 344 6 35 146 175 248 -1 173 206 181 152 161 283 -1 79 120 233 131 103 82 87 -1
344 342 332 336 337 331 252 226 256 326 199 184 201 206 249 217 206 207 166 250 228 138 180 242 253 109 171 222 201 14 12 -1 198 132 211 180 156 194 103 228 180 159 158 321 333 288 35 159 162 182 187 145 179 100 123 309 283 264 17 2 40 331 3 11 25 339 313 36 52 351 26 4 23 23 339 358 17 24 48 213 196 83 257 198 -1 252 242 -1 78 71 220 142 61 64 73 327
221 257 273 -1 102 231 260 222 201 168 187 255 250 199 169 226 215 181 255 193 115 240 277 200 159 104 199 243 155 186 178 83 99 171 188 145 175 163 144 227 315 324 306 190 172 135 125 144 247 230 223 78 244 87 260 291 220 160 223 202 5 345 24 27 355 357 356 28 33 10 28 51 332 14 35 60 91 99 71 199 208 84 196 -1 111 269 212 141 130 118 171 135 172 37 329 306
348 272 258 -1 89 272 293 -1 -1 176 181 258 181 186 178 212 193 256 216 169 117 275 241 188 138 106 216 212 137 178 195 155 77 205 227 126 210 136 153 304 312 283 136 147 150 140 110 156 236 222 208 71 188 116 257 190 184 225 234 178 191 193 170 51 344 12 17 28 18 52 5 29 320 26 43 105 105 84 71 35 195 98 242 147 102 180 164 127 135 140 -1 351 13 338 325 311
-1 280 -1 133 123 192 225 -1 167 -1 -1 205 207 248 246 214 206 217 190 146 245 218 269 160 106 117 215 186 145 146 221 214 97 221 227 51 145 204 267 164 166 162 148 160 173 139 115 182 203 250 172 120 82 260 245 145 150 248 223 163 244 220 221 218 188 -1 321 41 315 351 34 330 34 84 343 22 41 8 357 106 54 62 202 -1 95 124 134 -1 345 328 344 9 330 286 28 345
-1 176 167 147 160 -1 227 189 310 -1 -1 -1 214 200 209 200 219 227 174 132 204 239 196 173 102 131 220 165 159 183 207 225 102 227 244 27 33 239 219 152 164 177 180 158 193 149 89 165 260 171 140 126 105 286 188 183 140 256 179 233 197 243 199 221 188 224 125 -1 138 10 87 -1 90 350 332 72 21 29 57 358 6 35 34 153 119 139 -1 332 2 299 12 342 299 278 32 349
188 357 343 315 345 325 349 335 353 330 331 338 334 320 323 307 291 317 331 55 86 239 248 133 130 180 239 176 189 256 275 211 132 222 187 200 142 100 230 147 190 228 159 163 212 122 117 254 239 151 143 79 235 191 97 299 285 166 146 175 158 228 136 218 199 168 172 154 233 115 135 38 340 75 29 37 90 38 11 53 45 263 24 358 2 24 351 344 334 325 10 295 297 307 54 28
291 3 347 312 328 321 29 309 340 350 342 324 343 333 332 326 313 313 311 45 47 226 236 100 129 193 198 244 288 300 269 173 131 200 190 219 120 105 202 219 244 253 98 180 204 130 92 227 185 176 172 115 219 181 124 237 188 156 175 179 156 220 130 171 213 165 161 239 245 117 152 247 -1 34 333 72 46 30 28 46 77 274 340 6 49 12 357 332 13 321 32 293 287 340 60 349
311 -1 -1 253 208 184 -1 242 190 241 259 -1 -1 310 286 -1 145 185 200 125 63 237 244 102 138 293 296 334 333 127 160 135 78 74 201 220 149 98 220 197 208 200 110 170 210 176 84 191 207 188 250 282 270 196 272 180 186 195 168 179 147 177 221 184 209 124 145 200 145 104 186 158 213 147 135 249 72 107 102 63 27 256 241 21 59 273 327 14 5 275 57 263 289 11 353 353
249 -1 -1 233 -1 183 175 191 194 245 232 183 158 175 186 165 134 184 192 167 128 196 234 94 256 291 262 198 -1 107 134 184 114 37 61 209 199 79 206 197 253 248 -1 87 200 185 131 284 341 325 342 294 -1 220 188 234 285 192 150 169 177 238 187 188 200 150 222 142 155 108 243 156 228 160 93 234 118 19 10 19 9 37 225 181 63 259 280 10 7 269 63 250 251 11 1 342
237 -1 232 -1 -1 186 184 177 168 190 188 158 158 161 183 139 164 170 171 168 163 120 217 100 132 191 187 181 183 160 150 192 156 110 61 48 194 76 123 243 206 155 151 151 157 162 185 215 182 186 186 186 182 179 187 184 179 185 162 227 246 173 147 184 157 255 235 126 200 91 197 211 218 117 119 236 131 230 297 41 26 35 287 305 60 217 214 250 -1 36 287 23 214 238 291 303
210 155 184 183 177 221 -1 -1 126 214 199 150 154 158 168 154 156 169 169 165 164 129 222 93 80 182 208 180 181 178 168 177 173 129 138 74 125 80 77 256 160 153 150 180 152 -1 254 187 188 203 203 198 193 174 186 170 172 203 195 189 196 157 139 166 226 320 321 98 182 107 140 175 206 168 142 179 145 294 334 35 33 21 333 340 53 268 252 219 212 32 277 34 351 225 206 315
261 -1 -1 -1 -1 166 166 172 171 175 174 168 163 181 132 165 -1 191 162 -1 -1 176 175 165 150 122 226 166 164 195 183 182 177 162 167 120 98 150 140 147 146 144 167 189 173 192 185 194 212 211 206 204 190 175 176 183 211 220 197 142 149 197 196 168 214 201 195 156 141 96 263 285 336 338 355 345 0 213 188 169 16 6 8 313 337 38 264 318 322 21 335 348 18 356 253 200
300 -1 -1 -1 -1 -1 -1 179 175 -1 -1 173 -1 199 119 169 178 146 159 -1 -1 -1 151 177 144 134 206 163 173 197 180 180 161 139 188 139 120 146 210 146 148 150 188 185 174 184 186 210 211 210 208 204 188 170 172 202 217 210 184 147 150 202 195 175 206 199 191 81 187 89 287 277 294 2 350 350 10 342 329 304 304 22 89 -1 -1 79 261 202 214 316 332 189 166 19 322 195
-1 -1 -1 -1 -1 -1 -1 -1 -1 174 182 150 181 174 140 -1 -1 107 157 -1 -1 133 -1 182 136 -1 244 -1 133 179 164 197 172 -1 -1 -1 -1 88 240 111 148 -1 -1 -1 -1 -1 -1 217 225 216 213 200 185 166 174 210 211 190 180 154 168 197 196 188 178 191 187 151 114 249 222 192 188 211 302 317 345 296 343 114 170 154 114 234 120 336 340 334 342 221 141 134 224 190 237 328
-1 -1 -1 -1 -1 -1 -1 -1 -1 192 172 155 187 -1 159 168 168 110 -1 185 -1 -1 -1 142 155 251 -1 110 163 162 150 232 200 -1 -1 -1 -1 86 250 83 -1 -1 -1 -1 -1 -1 -1 226 226 208 205 197 181 160 179 207 208 185 183 159 171 195 206 183 162 191 182 176 139 243 216 195 190 189 198 247 152 217 147 91 139 204 115 166 151 205 210 151 158 183 131 116 213 218 236 236
-1 -1 -1 -1 -1 -1 -1 -1 -1 -1 -1 -1 -1 -1 -1 -1 -1 106 -1 -1 130 178 -1 -1 -1 220 193 -1 84 174 116 197 229 -1 -1 199 121 92 245 105 99 -1 -1 -1 -1 -1 -1 209 206 203 200 198 175 167 171 199 196 186 185 163 173 217 208 175 157 193 194 168 157 216 203 190 191 206 202 174 166 172 175 149 106 201 150 358 46 268 265 122 189 88 195 97 58 220 180 221
-1 -1 -1 -1 -1 -1 -1 -1 -1 215 -1 -1 -1 -1 -1 -1 -1 106 174 160 144 193 182 -1 96 189 180 153 91 180 208 185 232 -1 128 178 147 135 248 106 114 -1 -1 -1 -1 -1 -1 -1 207 206 202 194 169 165 170 195 197 188 182 164 184 217 189 179 161 194 200 145 207 206 197 185 190 195 193 145 200 175 176 173 131 158 171 190 88 241 204 90 182 105 103 182 86 237 157 243
-1 -1 -1 127 166 120 147 -1 120 262 -1 -1 -1 -1 -1 -1 149 -1 -1 -1 -1 -1 -1 -1 -1 61 146 175 149 148 181 166 227 173 103 -1 -1 189 225 127 111 238 -1 -1 -1 -1 -1 -1 -1 -1 201 178 170 166 167 193 190 184 178 181 211 185 176 183 168 204 209 221 192 180 180 191 194 186 183 188 196 168 196 117 257 84 256 118 -1 208 231 127 202 207 90 191 132 256 91 191
-1 -1 -1 -1 29 149 126 -1 95 -1 -1 -1 -1 -1 -1 -1 -1 -1 -1 143 -1 -1 171 196 -1 100 114 135 -1 -1 -1 179 223 145 121 174 183 -1 227 166 -1 236 -1 -1 -1 -1 -1 -1 -1 -1 -1 177 171 171 161 188 191 183 182 198 213 177 176 184 178 220 212 193 177 170 178 193 190 183 188 190 184 178 177 156 214 105 230 153 198 263 250 89 268 181 148 216 121 242 104 184
-1 -1 -1 -1 15 -1 128 182 136 217 -1 -1 -1 -1 -1 -1 -1 349 325 332 14 80 67 215 133 -1 142 -1 -1 151 138 -1 190 128 295 303 324 -1 220 229 251 -1 -1 -1 -1 -1 -1 -1 -1 -1 -1 -1 -1 -1 -1 177 187 189 186 201 195 183 188 -1 -1 -1 -1 161 177 166 188 183 184 204 204 176 176 172 196 -1 211 120 164 176 188 236 158 159 184 184 178 226 100 214 166 164
-1 -1 -1 -1 -1 26 16 349 21 205 -1 -1 -1 -1 -1 -1 -1 327 286 -1 78 127 80 -1 123 134 129 196 171 -1 -1 167 143 282 -1 306 317 31 -1 216 222 204 222 -1 -1 -1 -1 -1 -1 -1 -1 -1 -1 -1 -1 -1 186 192 185 198 196 188 197 -1 -1 -1 -1 -1 167 173 192 181 185 201 199 174 171 192 231 146 209 126 96 245 276 168 148 149 183 187 192 177 143 192 171 147
-1 -1 -1 -1 -1 -1 -1 -1 -1 16 0 189 215 -1 -1 -1 -1 -1 218 151 129 134 128 116 -1 -1 -1 -1 -1 -1 -1 106 288 -1 248 227 203 66 50 -1 209 240 241 -1 118 -1 -1 -1 -1 -1 -1 -1 -1 -1 -1 -1 -1 -1 -1 199 201 -1 -1 215 213 -1 -1 -1 -1 -1 -1 181 199 200 187 175 171 222 182 290 264 142 106 230 170 169 139 147 162 189 182 178 168 177 208 204
-1 -1 -1 -1 -1 -1 -1 -1 -1 23 2 49 251 -1 -1 168 191 187 162 152 139 142 135 -1 -1 -1 -1 -1 -1 -1 -1 -1 -1 -1 255 216 215 168 57 65 248 251 273 157 125 -1 -1 -1 -1 -1 -1 -1 -1 -1 -1 -1 -1 -1 -1 -1 -1 220 -1 216 211 187 195 -1 -1 -1 -1 179 203 213 -1 176 200 188 241 215 178 121 113 192 174 175 155 154 158 193 197 189 212 -1 197 192
-1 -1 -1 197 -1 -1 -1 -1 -1 -1 -1 80 223 -1 -1 -1 147 177 132 141 126 160 148 151 156 -1 -1 -1 -1 -1 -1 -1 -1 -1 280 269 303 83 61 89 286 214 171 191 207 180 175 207 -1 -1 -1 -1 -1 -1 -1 -1 -1 -1 -1 -1 -1 -1 -1 211 -1 -1 172 198 -1 -1 156 278 276 -1 -1 196 179 211 187 180 182 146 117 178 168 180 169 169 174 189 182 243 245 -1 -1 180
141 125 141 209 178 -1 -1 -1 -1 -1 -1 54 195 159 142 151 133 150 134 150 145 160 152 -1 -1 -1 -1 -1 -1 -1 -1 -1 -1 299 313 240 184 115 99 273 -1 -1 -1 -1 -1 185 181 190 178 172 175 158 -1 -1 -1 -1 -1 -1 -1 218 -1 -1 201 209 -1 -1 -1 218 210 46 56 205 207 -1 -1 177 183 197 156 181 181 166 143 176 159 182 176 177 168 190 198 261 276 124 246 168
150 142 -1 175 197 188 183 161 159 134 128 138 132 176 168 180 170 140 143 -1 -1 -1 -1 -1 -1 -1 -1 -1 -1 273 -1 -1 -1 200 241 -1 203 287 35 -1 -1 -1 -1 -1 -1 -1 -1 -1 -1 -1 -1 170 175 174 174 174 183 -1 -1 -1 -1 -1 -1 -1 -1 -1 -1 207 196 163 137 114 224 202 131 165 168 167 164 212 224 197 168 134 -1 204 211 182 -1 -1 177 184 220 338 313 334
150 138 -1 100 173 169 185 171 149 147 139 150 157 -1 -1 173 169 -1 -1 -1 -1 -1 -1 -1 -1 -1 -1 -1 98 -1 -1 -1 -1 257 233 -1 -1 265 11 43 238 -1 -1 -1 -1 -1 -1 -1 -1 -1 -1 -1 -1 -1 -1 -1 -1 -1 -1 -1 -1 -1 -1 -1 -1 -1 -1 191 186 167 138 122 202 172 163 173 163 156 -1 226 216 184 167 141 -1 199 204 200 210 181 177 275 297 348 342 348
181 171 163 142 155 -1 -1 175 149 -1 -1 -1 -1 -1 -1 -1 -1 -1 -1 -1 -1 -1 -1 170 179 -1 -1 139 -1 -1 -1 -1 303 -1 299 318 354 331 255 71 33 -1 -1 -1 -1 -1 -1 337 -1 -1 -1 -1 331 358 -1 -1 -1 -1 -1 -1 -1 -1 -1 -1 -1 -1 -1 -1 -1 180 176 -1 -1 -1 -1 177 161 -1 -1 206 204 177 166 -1 -1 -1 212 210 198 179 182 203 196 176 163 188
160 176 165 163 159 -1 -1 -1 -1 -1 -1 -1 -1 -1 -1 -1 -1 -1 -1 -1 -1 -1 -1 8 -1 -1 -1 317 321 334 352 283 282 -1 262 242 313 355 4 46 21 11 -1 -1 -1 -1 -1 -1 -1 -1 -1 -1 -1 -1 15 -1 -1 -1 -1 -1 -1 -1 -1 -1 -1 -1 -1 -1 -1 -1 -1 -1 -1 188 191 -1 -1 -1 -1 186 192 164 173 -1 -1 211 207 204 193 -1 173 177 181 174 170 198
-1 -1 -1 -1 -1 -1 -1 -1 -1 -1 -1 -1 -1 -1 -1 -1 -1 -1 -1 -1 -1 304 287 33 26 291 331 25 -1 242 64 2 -1 247 285 280 287 351 0 20 25 15 20 47 -1 -1 -1 -1 -1 -1 -1 -1 -1 -1 -1 -1 -1 -1 -1 -1 -1 -1 -1 -1 -1 -1 -1 -1 -1 -1 -1 -1 -1 -1 -1 -1 -1 -1 -1 183 173 -1 -1 -1 -1 -1 -1 -1 -1 -1 -1 -1 -1 -1 198 178
-1 -1 -1 -1 -1 -1 -1 -1 -1 -1 -1 -1 -1 -1 -1 -1 -1 -1 -1 -1 -1 -1 283 23 31 257 288 28 28 254 319 356 9 238 267 253 252 281 334 55 56 20 73 62 -1 -1 -1 -1 -1 -1 -1 -1 -1 -1 -1 -1 -1 -1 -1 -1 -1 -1 -1 -1 -1 -1 -1 -1 -1 -1 -1 -1 -1 -1 -1 -1 -1 -1 -1 -1 -1 -1 -1 -1 -1 -1 -1 -1 -1 180 -1 -1 -1 -1 -1 -1
-1 -1 -1 -1 -1 -1 -1 -1 -1 -1 -1 -1 -1 -1 -1 -1 -1 -1 -1 -1 -1 283 296 93 92 267 271 37 33 337 229 247 44 48 238 214 194 239 252 23 357 49 77 59 34 -1 -1 -1 259 52 -1 -1 -1 -1 -1 -1 -1 -1 -1 -1 -1 -1 -1 -1 -1 -1 -1 -1 -1 -1 -1 -1 -1 -1 -1 -1 -1 -1 -1 -1 -1 -1 -1 -1 -1 -1 -1 -1 -1 -1 -1 -1 -1 -1 -1 -1
-1 -1 -1 -1 -1 -1 -1 -1 -1 -1 -1 -1 -1 -1 -1 -1 -1 -1 -1 299 319 298 262 105 88 264 252 40 38 335 341 242 142 58 41 219 231 265 244 357 28 116 102 49 28 -1 -1 -1 -1 113 -1 -1 -1 -1 -1 -1 -1 69 242 -1 -1 -1 -1 -1 -1 -1 -1 -1 -1 -1 -1 -1 -1 -1 -1 -1 -1 -1 -1 -1 -1 -1 -1 -1 -1 -1 -1 -1 -1 -1 -1 -1 -1 -1 -1 -1
-1 -1 -1 -1 -1 -1 -1 -1 -1 -1 -1 -1 -1 -1 -1 -1 -1 -1 -1 268 272 287 345 38 358 298 304 36 54 312 330 10 328 35 320 16 279 217 225 244 79 80 66 68 337 341 357 341 343 12 38 -1 -1 -1 -1 -1 -1 -1 25 -1 -1 -1 -1 -1 -1 -1 187 -1 -1 -1 -1 -1 306 334 330 359 358 -1 -1 -1 -1 -1 -1 -1 -1 -1 -1 -1 -1 -1 -1 -1 -1 -1 -1 -1
-1 -1 -1 -1 -1 -1 -1 -1 -1 -1 -1 -1 -1 -1 -1 -1 -1 -1 -1 261 256 273 340 6 21 277 307 34 14 319 335 27 323 41 278 42 29 265 265 275 66 54 42 61 308 336 349 353 332 23 47 -1 -1 -1 -1 -1 -1 305 338 -1 166 -1 -1 -1 325 31 278 -1 -1 -1 -1 307 310 337 337 5 349 21 9 -1 -1 -1 -1 -1 -1 -1 -1 -1 -1 -1 -1 -1 -1 -1 -1 -1
-1 -1 -1 -1 -1 -1 -1 -1 -1 -1 -1 -1 -1 -1 -1 -1 -1 -1 268 322 297 241 259 358 69 265 224 274 327 5 60 285 333 35 10 10 33 255 258 232 58 24 62 314 337 314 353 350 321 49 34 10 9 355 0 -1 -1 288 305 45 22 324 340 327 335 70 268 -1 -1 -1 306 315 333 343 348 339 318 59 3 352 350 343 348 356 -1 -1 -1 -1 -1 -1 -1 -1 -1 -1 -1 -1
