data/landfire_maria_fire/ASP2020.asc
ncols        434
nrows        438
xllcorner    -2099595.000000000000
yllcorner    1481955.000000000000
cellsize     90.000000000000
NODATA_value -9999
[rows 138 to 183 of 438, columns 288 to 383 of 434]
-1 -1 -1 -1 -1 -1 -1 -1 -1 -1 -1 -1 -1 -1 -1 -1 -1 -1 -1 -1 -1 -1 -1 -1 -1 -1 -1 -1 -1 -1 -1 -1 -1 -1 -1 -1 -1 -1 -1 -1 -1 -1 -1 -1 -1 -1 -1 -1 -1 -1 -1 -1 -1 -1 -1 -1 -1 -1 -1 -1 -1 -1 -1 -1 -1 -1 -1 -1 -1 -1 -1 -1 -1 -1 -1 -1 -1 -1 -1 -1 -1 -1 -1 214 215 214 207 199 198 188 185 149 152 141 136 143
-1 -1 -1 -1 -1 -1 -1 -1 -1 -1 -1 -1 -1 -1 -1 -1 -1 -1 -1 -1 -1 -1 -1 -1 -1 -1 -1 -1 -1 -1 -1 -1 -1 -1 -1 -1 -1 -1 -1 -1 -1 -1 -1 -1 -1 -1 -1 -1 -1 -1 -1 -1 -1 -1 -1 -1 -1 -1 -1 -1 -1 -1 -1 -1 -1 -1 -1 -1 -1 -1 -1 -1 -1 -1 -1 -1 -1 -1 -1 -1 -1 -1 -1 -1 241 225 226 208 195 183 179 156 140 142 134 119
-1 -1 -1 -1 -1 -1 -1 -1 -1 -1 -1 -1 -1 -1 -1 -1 -1 -1 -1 -1 -1 -1 -1 -1 -1 -1 -1 -1 -1 -1 -1 -1 -1 -1 -1 -1 -1 -1 -1 -1 -1 -1 -1 -1 -1 -1 -1 -1 -1 -1 -1 -1 -1 -1 -1 -1 -1 -1 -1 -1 -1 -1 -1 -1 -1 -1 -1 -1 -1 -1 -1 -1 -1 -1 -1 -1 -1 -1 -1 -1 -1 -1 -1 -1 -1 223 227 202 200 179 173 154 156 134 135 119
-1 -1 -1 -1 -1 -1 -1 -1 -1 -1 -1 -1 -1 -1 -1 -1 -1 -1 -1 -1 -1 -1 -1 -1 -1 -1 -1 -1 -1 -1 -1 -1 -1 -1 -1 -1 -1 -1 -1 -1 -1 -1 -1 -1 -1 -1 -1 -1 -1 -1 -1 -1 -1 -1 -1 -1 -1 -1 -1 -1 -1 -1 -1 -1 -1 -1 -1 -1 -1 -1 -1 -1 -1 -1 -1 -1 -1 -1 -1 -1 -1 -1 -1 -1 -1 -1 -1 203 203 174 169 166 163 139 -1 -1
-1 -1 -1 -1 -1 -1 -1 -1 -1 -1 -1 -1 -1 -1 -1 -1 -1 -1 -1 -1 -1 -1 -1 -1 -1 -1 -1 -1 -1 -1 -1 -1 -1 -1 -1 -1 -1 -1 -1 -1 -1 -1 -1 -1 -1 -1 -1 -1 -1 -1 -1 -1 -1 -1 -1 -1 -1 -1 -1 -1 -1 -1 -1 -1 -1 -1 -1 -1 -1 -1 -1 -1 -1 -1 -1 -1 -1 -1 -1 -1 -1 -1 -1 -1 -1 -1 -1 -1 -1 -1 -1 -1 -1 -1 -1 -1
-1 -1 -1 -1 -1 -1 -1 -1 -1 -1 -1 -1 -1 -1 -1 -1 -1 -1 -1 -1 -1 -1 -1 -1 -1 -1 -1 -1 -1 -1 -1 -1 -1 -1 -1 -1 -1 -1 -1 -1 -1 -1 -1 -1 -1 -1 -1 -1 -1 -1 -1 -1 -1 -1 -1 -1 -1 -1 -1 -1 -1 -1 -1 -1 -1 -1 -1 -1 -1 -1 -1 -1 -1 -1 -1 -1 -1 -1 -1 -1 -1 -1 -1 -1 -1 -1 -1 219 -1 -1 -1 178 168 -1 -1 -1
-1 -1 -1 -1 -1 -1 -1 -1 -1 -1 -1 -1 -1 -1 -1 -1 -1 -1 -1 -1 -1 -1 -1 -1 -1 -1 -1 -1 -1 -1 -1 -1 -1 -1 -1 -1 -1 -1 -1 -1 -1 -1 -1 -1 -1 -1 -1 -1 -1 -1 -1 -1 -1 -1 -1 -1 -1 -1 -1 -1 -1 -1 -1 -1 -1 -1 -1 -1 -1 -1 -1 -1 -1 -1 -1 -1 -1 -1 -1 -1 -1 -1 -1 -1 -1 -1 -1 -1 -1 -1 -1 -1 -1 -1 -1 -1
-1 -1 -1 -1 -1 -1 -1 -1 -1 -1 -1 -1 -1 -1 -1 -1 -1 -1 -1 -1 -1 -1 -1 -1 -1 -1 -1 -1 -1 -1 -1 -1 -1 -1 -1 -1 -1 -1 -1 -1 -1 -1 -1 -1 -1 -1 -1 -1 -1 -1 -1 -1 -1 -1 -1 -1 -1 -1 -1 -1 -1 -1 -1 -1 -1 -1 -1 -1 -1 -1 -1 -1 -1 -1 -1 -1 -1 -1 -1 -1 -1 -1 -1 -1 -1 -1 -1 -1 -1 -1 -1 -1 -1 -1 -1 -1
-1 -1 -1 -1 -1 -1 -1 -1 300 -1 -1 -1 -1 -1 -1 -1 -1 -1 -1 -1 -1 -1 -1 -1 -1 -1 -1 -1 -1 -1 -1 -1 -1 -1 -1 -1 -1 -1 -1 -1 -1 -1 -1 -1 -1 -1 -1 -1 -1 -1 -1 -1 -1 -1 -1 -1 -1 -1 -1 -1 -1 -1 -1 -1 -1 -1 -1 -1 -1 -1 -1 -1 -1 -1 -1 -1 -1 -1 -1 -1 -1 -1 -1 -1 -1 -1 -1 -1 -1 -1 -1 -1 -1 -1 -1 -1
-1 -1 -1 -1 -1 -1 -1 -1 -1 -1 -1 -1 -1 -1 -1 -1 -1 -1 -1 -1 -1 -1 -1 -1 -1 -1 -1 -1 -1 -1 -1 -1 -1 -1 -1 357 355 -1 -1 -1 -1 -1 -1 -1 -1 -1 -1 -1 -1 -1 -1 -1 -1 -1 -1 -1 -1 -1 -1 -1 -1 -1 -1 -1 -1 -1 -1 -1 -1 -1 -1 -1 -1 -1 -1 -1 -1 -1 -1 -1 -1 -1 -1 -1 -1 -1 -1 -1 -1 -1 -1 -1 -1 -1 -1 -1
-1 -1 -1 -1 -1 -1 -1 -1 -1 -1 -1 -1 -1 -1 -1 -1 -1 -1 -1 -1 -1 -1 -1 -1 -1 -1 -1 -1 -1 -1 -1 -1 -1 -1 -1 -1 -1 344 350 -1 -1 -1 -1 -1 -1 -1 -1 -1 -1 -1 -1 -1 -1 -1 -1 -1 -1 -1 -1 -1 -1 -1 -1 -1 -1 -1 -1 -1 -1 -1 -1 -1 -1 -1 -1 -1 -1 -1 -1 -1 -1 -1 -1 -1 -1 -1 -1 -1 -1 -1 -1 -1 -1 -1 -1 -1
-1 -1 -1 -1 -1 -1 -1 -1 -1 -1 -1 -1 -1 -1 -1 -1 -1 -1 -1 -1 -1 -1 -1 -1 -1 -1 -1 -1 -1 -1 -1 -1 -1 -1 -1 -1 -1 -1 -1 -1 -1 346 351 340 329 0 -1 -1 -1 -1 -1 350 329 346 7 -1 -1 -1 -1 -1 -1 -1 -1 -1 -1 -1 -1 -1 -1 -1 -1 -1 -1 -1 -1 -1 -1 -1 -1 -1 -1 -1 -1 -1 -1 -1 -1 -1 -1 -1 -1 -1 -1 -1 -1 -1
-1 -1 -1 -1 -1 -1 -1 -1 -1 -1 -1 -1 -1 -1 -1 -1 -1 -1 -1 -1 -1 -1 -1 -1 -1 -1 -1 -1 -1 -1 -1 -1 -1 -1 -1 -1 -1 -1 -1 -1 -1 -1 -1 336 -1 28 4 -1 -1 335 316 10 340 304 350 16 8 -1 -1 -1 -1 -1 -1 -1 -1 -1 -1 -1 -1 -1 -1 -1 -1 -1 -1 -1 -1 -1 -1 -1 -1 -1 -1 -1 -1 -1 -1 -1 -1 -1 -1 -1 -1 -1 -1 -1
-1 -1 -1 -1 -1 -1 -1 -1 -1 -1 -1 -1 -1 -1 -1 -1 -1 -1 -1 -1 -1 -1 -1 -1 -1 -1 -1 -1 -1 -1 -1 -1 -1 -1 -1 -1 -1 -1 -1 -1 -1 -1 -1 -1 -1 -1 -1 337 355 352 285 14 337 344 272 51 295 22 351 354 335 329 345 328 342 319 322 305 324 30 -1 -1 -1 -1 -1 -1 -1 -1 -1 -1 -1 -1 -1 -1 -1 -1 -1 -1 -1 -1 -1 -1 -1 -1 -1 -1
-1 -1 -1 -1 -1 -1 -1 -1 -1 -1 -1 -1 -1 -1 -1 -1 -1 -1 -1 -1 -1 -1 -1 -1 -1 -1 -1 -1 -1 -1 -1 -1 -1 -1 -1 -1 -1 -1 -1 -1 -1 -1 -1 -1 -1 324 324 316 10 9 274 15 6 345 305 27 293 34 14 328 338 297 339 355 332 335 296 -1 247 11 339 357 7 -1 -1 -1 -1 -1 -1 -1 -1 -1 -1 -1 -1 -1 -1 -1 -1 -1 -1 -1 -1 -1 -1 -1
-1 -1 -1 -1 -1 -1 -1 -1 -1 -1 -1 -1 -1 -1 -1 -1 -1 -1 -1 -1 -1 -1 -1 -1 -1 -1 -1 -1 -1 -1 -1 -1 -1 327 -1 -1 -1 338 342 -1 -1 -1 -1 -1 -1 334 259 350 8 49 253 205 226 344 12 21 298 64 61 338 27 248 246 11 2 314 346 50 248 230 312 38 76 16 351 12 21 349 14 -1 338 -1 -1 -1 -1 -1 -1 -1 -1 -1 -1 -1 -1 -1 -1 -1
-1 -1 -1 -1 -1 -1 -1 -1 -1 -1 -1 -1 -1 -1 -1 -1 -1 -1 -1 -1 -1 -1 -1 -1 -1 -1 -1 -1 -1 -1 -1 -1 -1 -1 -1 -1 343 331 3 -1 -1 -1 -1 -1 -1 -1 250 335 9 45 32 258 247 353 349 30 341 52 39 335 26 331 262 20 351 318 66 34 -1 252 249 37 30 25 353 54 47 295 358 336 335 352 357 13 -1 -1 -1 -1 -1 -1 -1 -1 -1 -1 -1 -1
-1 -1 -1 -1 -1 -1 -1 -1 -1 -1 -1 -1 -1 -1 -1 -1 -1 -1 -1 -1 -1 -1 -1 -1 -1 -1 -1 344 349 -1 -1 -1 -1 -1 -1 -1 305 336 2 351 331 314 300 340 43 16 -1 223 209 46 44 298 275 305 292 42 349 64 326 359 20 53 250 225 327 18 50 15 56 225 220 251 9 53 321 73 64 236 245 350 322 356 69 37 14 12 23 -1 -1 -1 -1 -1 -1 -1 -1 -1
-1 -1 -1 -1 -1 -1 -1 -1 -1 -1 -1 -1 -1 -1 -1 -1 -1 -1 -1 -1 -1 -1 -1 -1 -1 344 344 352 347 -1 -1 354 345 337 -1 323 295 350 311 339 355 328 280 9 70 16 3 267 284 212 42 340 303 324 297 36 33 37 308 344 14 43 267 222 230 30 32 42 47 254 221 252 26 342 318 93 80 260 230 288 336 7 47 357 345 34 38 333 324 303 -1 -1 -1 -1 -1 315
-1 -1 -1 -1 -1 -1 295 313 308 -1 -1 -1 -1 -1 -1 -1 -1 -1 -1 -1 -1 -1 -1 -1 317 -1 -1 312 42 342 343 349 334 331 342 29 277 19 308 276 271 25 316 61 324 293 28 329 230 260 315 280 235 246 34 38 18 52 313 328 56 46 32 314 255 328 336 78 75 55 267 249 244 138 136 71 71 316 257 152 162 231 23 349 19 81 19 301 332 327 6 53 344 334 348 331
-1 -1 -1 -1 -1 312 319 311 -1 -1 -1 -1 -1 -1 -1 -1 -1 -1 -1 -1 -1 -1 -1 -1 -1 355 328 329 58 334 350 348 317 306 316 72 266 24 259 347 285 32 48 293 308 292 25 2 323 343 346 279 300 221 219 32 15 12 324 277 50 53 54 328 243 211 166 69 37 56 260 278 245 118 140 134 103 342 247 162 221 216 190 -1 91 78 334 296 285 2 55 43 315 272 304 2
-1 346 344 332 325 312 309 333 -1 -1 -1 -1 -1 -1 -1 351 334 327 307 316 344 338 346 -1 -1 -1 225 241 356 346 0 314 20 279 82 353 259 77 300 181 163 97 55 234 243 309 3 354 23 278 3 266 215 281 261 4 28 21 353 22 25 18 333 52 269 97 77 132 141 -1 282 269 242 70 74 56 -1 306 300 314 232 218 244 126 80 34 341 297 305 91 85 39 -1 262 249 23
335 348 341 332 331 321 315 328 343 -1 -1 -1 -1 -1 -1 345 333 331 318 295 338 341 37 -1 -1 -1 -1 239 274 358 340 332 355 315 82 10 291 206 37 282 338 91 18 11 240 285 335 328 21 264 330 14 299 298 283 271 49 13 342 5 4 13 340 57 296 14 41 93 92 311 295 277 69 123 78 88 -1 -1 245 352 357 263 255 60 71 345 316 295 212 128 96 353 19 275 287 314
-1 334 328 321 337 334 348 340 337 15 -1 298 313 344 318 299 307 320 326 324 328 114 89 -1 285 3 8 259 223 152 186 206 357 86 69 169 352 330 297 327 300 24 3 335 312 269 292 344 10 278 335 33 319 240 249 298 309 5 329 6 1 21 58 338 308 31 53 338 45 258 274 209 135 130 98 338 284 57 -1 217 241 326 238 -1 49 312 315 341 73 37 29 22 69 257 240 197
-1 326 338 322 319 342 4 7 10 358 353 325 334 25 314 291 293 318 330 325 54 66 79 -1 273 352 52 281 235 185 238 220 215 62 12 350 251 331 340 356 294 71 47 304 292 283 258 322 4 277 301 19 0 238 232 323 331 355 327 343 3 41 64 320 316 113 105 327 40 273 274 42 86 138 89 312 343 67 -1 258 256 144 174 189 142 298 265 50 37 16 2 40 38 294 228 249
318 333 328 17 301 4 327 61 344 334 352 291 73 85 296 320 350 276 274 100 126 103 60 288 323 324 95 347 296 347 303 336 317 16 341 32 36 258 262 341 50 73 31 -1 247 245 263 291 297 325 278 24 30 298 251 231 236 7 344 311 16 60 42 303 64 83 317 200 79 276 283 260 91 335 333 298 153 78 321 234 207 207 240 152 246 249 286 358 7 0 332 91 71 268 302 295
304 326 341 353 309 4 342 51 349 283 303 337 69 295 271 269 320 325 323 68 104 85 -1 264 244 48 19 25 254 230 336 311 359 21 347 37 34 267 284 138 84 2 18 4 284 227 234 293 289 277 285 -1 24 7 259 227 219 293 350 335 1 47 19 351 68 1 301 140 131 264 258 162 69 326 310 100 118 311 336 -1 227 235 191 272 249 250 240 230 356 327 342 60 72 283 277 281
241 195 204 150 221 208 64 347 342 320 358 58 65 297 324 289 286 119 167 69 75 69 295 329 304 245 63 31 349 263 252 303 349 37 342 67 21 305 300 354 31 12 33 339 4 253 228 236 227 194 194 276 285 26 0 297 269 228 220 290 354 61 49 47 36 47 80 28 48 356 323 276 328 117 147 81 352 318 346 15 299 305 345 3 292 272 244 251 272 -1 96 61 60 316 250 328
275 241 207 188 248 201 195 339 339 349 65 87 90 284 288 321 309 97 163 100 86 -1 274 219 209 247 75 71 48 243 274 346 147 47 351 335 17 263 295 26 18 67 39 326 12 3 284 218 203 203 237 302 321 359 21 339 251 245 253 267 326 36 22 20 75 109 74 100 339 334 323 258 228 78 40 319 345 252 111 45 232 278 323 33 338 276 305 290 294 90 103 98 70 5 255 300
232 210 196 241 180 199 180 196 196 150 71 66 6 229 235 202 206 58 52 131 85 331 309 294 291 271 322 60 329 254 207 160 169 170 226 269 39 276 249 349 9 0 343 349 345 21 0 8 255 253 314 242 216 236 -1 9 346 309 267 221 191 255 331 50 54 114 106 353 288 355 342 316 333 354 20 342 259 86 330 10 327 300 237 -1 340 270 282 298 353 23 52 43 59 74 308 348
-1 221 300 330 85 193 203 207 206 160 147 87 292 313 304 288 310 58 56 50 -1 307 301 319 231 243 269 48 0 21 330 272 248 186 268 194 150 329 259 257 11 8 323 348 342 7 356 22 350 258 277 350 343 209 180 356 4 9 -1 218 211 252 269 56 73 112 35 31 276 11 348 347 357 351 4 31 67 63 297 35 302 303 346 282 274 292 276 291 356 52 63 61 34 43 307 334
32 228 191 178 140 287 300 304 354 53 77 314 344 270 230 186 144 52 51 63 -1 245 248 171 321 303 257 40 349 300 333 42 77 20 242 172 200 199 195 304 310 24 347 13 347 30 53 347 359 304 279 245 256 337 31 244 262 25 25 276 291 231 218 48 41 25 52 292 271 8 26 335 19 65 128 128 99 357 56 324 325 225 181 264 275 357 311 258 308 44 26 34 50 56 256 317
344 2 323 299 328 217 193 276 64 93 69 283 336 3 294 138 160 123 49 43 -1 236 173 209 245 303 258 48 13 301 339 44 329 41 233 329 276 177 194 237 314 4 349 327 335 41 77 302 32 297 298 243 234 233 12 246 248 40 49 274 296 228 249 27 24 32 53 317 307 21 10 349 60 88 80 107 358 20 51 274 300 337 307 311 244 220 285 269 256 58 47 63 41 357 320 327
37 273 285 225 204 170 203 200 182 38 18 336 263 341 8 37 4 46 62 46 22 305 305 356 217 210 229 239 108 332 337 350 11 65 4 240 18 278 269 253 219 311 353 0 7 32 52 343 0 348 248 -1 282 279 269 67 257 279 20 3 306 220 250 203 52 54 52 299 270 327 1 20 59 34 32 301 293 34 61 45 261 265 286 280 340 266 258 264 279 39 42 33 25 264 235 306
37 294 262 308 334 324 275 210 213 15 337 10 284 282 21 23 52 29 21 24 17 266 266 33 353 221 225 275 18 323 292 6 27 25 0 256 256 332 270 221 204 250 319 14 24 66 70 323 7 350 23 328 323 340 324 69 266 261 95 18 9 258 248 204 219 51 46 320 292 342 333 16 49 346 19 334 271 51 65 45 244 234 244 217 167 245 241 306 301 48 27 39 48 13 230 261
45 41 297 259 234 163 3 323 334 346 336 354 359 290 84 51 35 26 41 32 1 252 230 338 23 305 304 276 273 354 329 38 28 305 347 16 322 328 333 17 268 258 264 68 82 58 317 293 326 17 48 267 270 356 20 39 290 260 261 -1 47 356 351 318 299 42 44 347 339 355 30 23 330 2 66 345 324 30 5 74 8 338 303 239 231 257 266 285 357 15 59 58 85 331 312 289
58 48 280 264 246 312 324 310 330 337 343 328 354 356 49 52 38 49 54 20 13 -1 260 338 347 319 303 311 274 352 335 25 350 301 313 29 345 326 320 14 313 271 273 74 86 325 313 320 293 45 44 311 309 336 32 22 334 309 296 19 330 6 8 330 308 24 35 323 351 0 34 334 315 19 11 344 7 88 115 84 1 334 357 289 322 221 234 244 347 24 81 95 88 310 324 292
25 21 16 226 224 292 301 297 293 326 328 333 344 30 25 39 73 46 55 50 32 42 259 254 188 245 235 293 282 316 308 8 350 329 307 348 348 306 312 356 338 315 147 114 355 320 329 354 5 41 313 28 273 325 358 53 20 294 294 20 358 332 26 333 303 25 43 46 355 346 9 33 342 311 4 80 61 34 12 357 16 258 277 282 276 8 278 267 22 128 94 352 40 279 326 275
22 15 16 15 258 218 227 286 286 318 324 336 343 45 54 65 50 8 39 353 24 -1 277 199 175 206 211 285 334 322 319 350 348 322 328 307 350 316 305 353 358 115 118 17 306 307 349 32 72 312 319 37 288 303 353 42 359 312 305 21 357 351 18 337 327 111 59 34 354 347 25 48 340 304 40 41 10 358 4 23 54 275 253 300 272 39 247 268 79 34 337 64 84 249 255 285
351 14 6 26 14 210 235 242 252 296 296 246 115 67 71 81 84 112 22 328 48 -1 276 309 296 287 276 234 194 224 252 331 353 337 333 319 343 326 303 53 0 52 15 277 220 232 329 5 30 286 303 34 1 260 281 19 352 338 305 38 44 338 11 8 354 2 55 60 75 177 224 347 307 356 46 350 39 38 31 19 6 296 302 9 337 4 340 298 37 325 337 5 25 310 337 286
351 7 27 16 19 313 277 259 256 238 167 175 142 116 100 99 94 341 343 21 73 17 272 262 278 251 245 236 270 277 280 286 345 335 337 325 339 327 297 357 1 41 27 304 247 234 266 335 9 285 296 14 7 280 245 8 12 331 335 55 37 304 358 4 353 353 44 37 32 238 246 313 299 6 43 14 35 3 15 357 343 325 328 342 330 332 350 331 2 323 6 33 48 280 326 307
350 26 39 3 23 53 261 260 244 192 169 127 119 117 88 60 314 327 357 70 77 60 -1 262 324 212 202 196 277 294 307 261 234 173 144 153 170 177 177 179 181 104 90 140 200 256 264 297 56 287 246 197 66 350 310 342 24 344 4 18 12 325 326 16 354 39 34 32 9 350 332 311 305 342 33 1 345 35 55 345 313 339 1 264 262 340 312 311 316 11 326 22 20 324 262 347
168 109 70 45 61 56 256 216 211 178 184 107 82 151 106 341 313 300 30 63 65 46 20 245 275 328 329 307 251 255 234 218 186 174 151 150 162 175 186 161 180 159 111 134 261 278 232 195 125 267 234 205 102 307 310 263 22 322 356 16 7 338 339 11 351 32 18 17 5 1 341 325 325 333 26 355 346 59 73 323 315 358 355 286 248 356 347 331 275 342 345 16 47 47 232 239
167 160 117 71 68 65 307 264 229 280 265 209 33 12 354 15 7 99 108 135 94 87 42 290 288 281 308 7 352 289 271 236 215 169 197 142 236 169 138 181 157 167 147 214 196 183 199 200 149 207 193 228 249 233 155 170 171 164 170 162 190 329 81 236 4 1 342 21 37 323 352 329 344 334 344 7 49 42 357 350 310 16 0 348 308 348 353 334 328 326 53 90 108 27 346 293
159 179 163 119 87 71 272 25 285 268 195 247 43 60 90 157 173 116 74 93 121 90 295 277 234 243 236 136 339 319 311 180 203 130 170 195 179 149 136 213 142 156 172 222 202 200 232 170 160 210 181 239 257 128 144 175 155 173 154 162 204 168 143 219 198 21 340 56 41 338 350 326 343 350 0 56 74 348 328 355 319 7 359 330 322 326 351 326 350 345 54 74 79 346 39 232
125 216 124 129 136 274 267 22 342 320 265 175 143 138 123 82 153 151 124 111 110 12 2 216 240 214 168 191 199 196 213 154 167 195 209 145 147 115 166 154 141 106 215 239 201 158 188 182 179 294 299 295 273 41 32 163 165 182 158 193 177 158 172 237 152 190 162 179 186 246 288 312 16 41 41 69 71 300 287 5 348 302 353 332 345 319 261 350 345 111 118 34 306 42 41 233
