data/landfire_maria_fire/ELEV2020.asc
ncols        434
nrows        438
xllcorner    -2099595.000000000000
yllcorner    1481955.000000000000
cellsize     90.000000000000
NODATA_value -9999
[rows 352 to 395 of 438, columns 192 to 287 of 434]
365 342 340 268 227 204 203 176 201 177 149 147 133 120 136 153 163 187 193 239 257 302 297 271 277 274 277 293 295 282 286 258 243 245 248 275 308 346 345 354 360 343 326 345 302 249 240 212 186 184 187 182 168 171 188 173 163 181 194 195 195 196 197 197 197 190 198 189 165 176 169 150 110 91 117 174 193 207 204 187 178 193 197 207 215 237 234 224 224 214 203 182 188 177 198 205
382 405 363 274 283 301 273 236 260 242 228 188 162 161 158 187 199 227 238 256 273 303 290 276 293 271 259 273 271 296 277 241 234 252 264 255 278 294 295 325 359 371 375 336 301 255 241 219 217 205 207 197 173 188 192 201 200 185 193 196 197 198 198 197 196 193 190 174 184 186 182 187 178 101 87 114 149 168 184 151 187 195 203 212 219 260 264 238 223 215 198 218 203 203 211 211
416 417 371 305 323 334 294 273 287 282 268 212 173 186 176 190 207 243 254 258 277 302 291 280 294 272 250 248 252 281 260 233 231 260 276 262 257 275 282 345 377 391 394 344 318 264 246 232 220 211 206 194 200 196 200 202 200 195 195 197 198 199 198 197 197 195 188 191 191 187 184 184 185 113 92 97 129 154 179 150 183 193 207 223 222 259 256 237 226 222 216 219 207 213 205 216
484 419 381 387 401 387 341 342 363 357 312 250 235 228 226 218 224 263 278 267 288 300 297 295 298 273 248 231 232 239 231 226 233 265 274 252 247 259 275 319 333 340 363 356 319 267 259 239 235 218 211 226 227 231 230 212 208 203 198 198 198 199 199 198 198 196 192 193 192 190 184 176 169 119 106 93 112 127 126 151 179 194 201 234 258 273 283 258 259 242 226 215 218 219 218 240
490 431 408 421 447 407 363 364 400 388 338 278 246 253 233 233 236 271 288 283 285 304 305 303 290 256 240 228 227 227 224 225 231 255 274 259 243 254 263 298 305 309 343 340 314 291 274 241 235 221 214 232 244 239 226 212 209 205 201 198 197 199 200 200 201 197 193 194 194 190 182 172 168 128 110 93 111 128 144 172 181 194 199 236 258 275 289 283 278 246 229 219 225 222 235 250
499 488 482 487 513 454 446 438 442 412 368 309 300 279 256 268 269 294 295 304 308 322 322 302 291 253 240 230 223 219 218 225 239 265 278 269 246 243 249 265 270 302 322 347 348 306 285 243 234 233 238 245 255 238 240 226 211 205 203 202 199 202 203 203 203 201 198 196 196 188 187 182 183 164 118 98 102 127 142 177 188 193 198 210 215 234 246 284 292 269 250 230 232 250 249 270
493 503 516 518 538 492 485 478 446 392 372 339 325 289 266 281 288 306 295 314 315 323 328 322 302 265 261 237 223 218 217 228 245 268 283 258 248 242 243 257 262 301 304 326 326 319 288 260 246 249 252 262 261 258 251 217 211 208 205 202 201 202 202 203 203 202 200 198 198 191 189 185 184 170 124 92 93 111 147 182 186 191 197 205 209 218 230 259 272 277 262 243 239 269 263 257
435 471 505 541 535 519 518 510 483 439 417 377 336 299 313 323 317 321 310 328 329 345 337 342 344 305 277 233 224 214 215 230 231 246 263 273 248 235 240 244 249 260 277 298 312 292 288 298 286 298 286 254 260 271 267 244 232 224 220 221 217 202 202 203 203 203 202 202 203 199 197 190 187 190 167 132 136 98 126 177 179 172 171 150 181 208 212 222 230 254 264 263 252 266 258 250
408 481 499 509 516 500 500 506 474 421 414 385 348 307 324 340 328 328 315 330 334 364 357 343 350 310 278 234 223 213 214 221 222 235 250 253 239 234 236 238 241 252 255 283 288 273 275 306 299 303 281 248 247 274 272 251 246 240 234 222 220 202 202 203 203 205 205 205 207 202 199 194 191 193 183 170 158 107 121 158 162 154 131 148 182 203 206 215 221 239 251 272 260 257 267 257
381 426 438 469 481 462 457 475 449 391 372 358 345 320 354 356 351 340 335 330 341 353 344 306 302 285 263 228 221 212 212 213 215 220 223 224 224 224 226 232 232 234 239 239 240 237 241 256 255 268 263 234 230 249 256 231 233 233 223 213 208 204 205 205 206 208 210 209 210 207 204 198 193 191 187 191 181 142 141 123 111 114 115 120 141 182 182 206 212 226 239 269 274 254 251 257
361 394 404 458 464 435 451 475 452 392 361 343 330 334 366 374 365 358 352 338 355 355 354 308 284 263 250 228 220 213 211 212 213 214 214 220 222 222 222 227 227 230 230 234 234 234 236 241 240 260 260 230 229 248 254 224 221 224 216 208 207 206 205 207 208 209 211 210 210 206 204 198 196 191 192 189 187 158 151 145 148 154 148 119 143 148 166 185 203 221 228 255 275 268 253 249
312 343 353 392 415 410 424 431 415 359 342 329 339 355 379 401 379 390 389 354 371 394 400 325 296 252 240 223 221 216 213 210 210 212 213 229 239 220 218 219 220 221 220 220 222 224 226 220 219 228 235 219 215 220 222 215 210 210 210 209 208 207 206 206 207 208 211 209 206 203 202 203 199 195 194 191 187 182 175 174 181 187 156 125 157 189 189 166 173 207 220 240 259 272 277 256
322 328 334 367 394 410 405 405 391 357 348 347 365 370 397 419 400 412 412 374 380 415 407 326 300 256 241 225 223 215 213 209 210 211 214 240 250 219 215 215 216 219 216 215 217 220 219 215 214 212 217 213 213 212 212 210 208 207 208 209 209 209 208 207 206 207 209 207 204 203 202 204 203 198 197 193 192 184 182 170 173 160 161 132 171 197 199 197 184 205 218 232 243 278 280 271
340 304 307 347 377 415 403 392 402 401 376 371 394 380 415 464 464 459 442 377 358 380 368 320 299 256 242 228 223 216 213 208 208 210 214 235 235 213 212 211 211 210 209 208 209 211 210 211 211 212 208 208 207 205 206 206 206 205 206 207 209 211 211 209 206 205 204 204 204 210 208 205 206 205 203 198 198 193 185 168 158 158 140 189 205 223 233 218 207 197 215 225 232 265 277 282
341 299 300 334 355 394 410 414 420 415 386 375 399 398 419 474 470 433 415 363 343 356 346 311 287 259 247 228 224 214 212 208 207 209 208 218 215 210 210 210 209 208 208 208 208 208 209 208 209 210 206 206 206 205 206 205 205 204 204 205 208 211 211 211 209 206 206 207 210 212 209 205 206 206 205 203 199 196 188 171 153 175 186 210 210 242 254 222 212 200 213 223 228 258 265 280
303 292 285 308 322 371 392 427 451 424 406 419 413 410 391 405 399 370 360 328 315 319 309 293 284 266 255 253 234 212 210 207 206 206 206 207 207 205 207 211 209 207 206 208 207 206 205 204 205 206 204 203 203 203 203 205 205 204 202 205 208 209 211 214 214 213 212 211 213 212 211 208 208 206 206 204 203 197 192 176 146 185 192 211 209 231 247 233 221 215 217 220 223 244 247 269
283 285 283 298 311 355 368 393 413 399 381 396 381 381 365 372 370 348 336 312 299 318 298 282 284 275 262 252 232 211 209 206 206 205 206 206 206 205 206 209 208 207 206 208 207 206 205 206 203 202 202 202 202 203 203 205 204 203 201 206 208 208 208 212 213 213 212 213 213 208 207 208 208 206 206 204 203 200 194 185 163 184 189 206 206 222 233 233 224 214 215 218 221 235 241 256
268 270 273 278 290 318 332 343 349 354 343 330 323 323 321 336 340 311 307 299 283 292 295 270 273 255 263 232 223 213 210 206 205 203 203 203 203 203 204 205 205 204 202 204 205 206 208 208 204 200 200 199 200 200 201 204 204 201 200 204 204 207 208 210 212 211 213 212 211 206 206 205 206 206 205 202 202 199 197 195 185 162 182 193 200 213 225 231 221 212 212 216 219 226 229 235
264 268 269 273 284 308 315 323 324 325 326 307 304 311 304 320 333 298 295 303 283 281 281 270 263 241 243 236 224 214 211 206 205 202 202 203 203 202 202 203 203 202 201 202 203 208 208 205 205 200 199 198 199 199 200 203 203 199 199 200 203 210 209 207 206 210 211 212 213 206 205 204 204 205 205 201 200 199 197 192 184 164 187 196 198 211 228 231 219 210 211 216 219 224 225 233
261 263 264 269 275 298 294 297 288 287 285 281 282 284 286 298 306 297 280 280 270 269 266 271 257 232 231 227 223 216 212 206 205 203 202 202 201 202 202 201 201 201 200 201 202 203 202 200 201 200 199 198 198 199 200 203 203 198 199 202 205 210 210 204 205 211 211 213 212 205 204 202 202 200 201 198 198 189 177 162 164 186 191 196 199 206 215 223 214 208 210 214 217 220 222 229
258 260 259 268 281 288 284 278 280 277 275 273 274 277 282 291 293 296 285 277 267 271 267 266 259 231 225 220 220 216 209 206 204 203 202 201 201 201 201 201 201 200 200 201 201 202 201 199 200 199 198 198 198 197 198 203 201 198 199 204 204 206 206 203 204 209 210 211 211 206 204 202 201 203 199 197 197 193 166 168 179 186 188 194 197 205 214 219 212 207 210 213 215 219 222 222
256 255 256 260 260 261 265 265 270 268 263 263 262 275 292 316 314 289 273 256 246 255 258 244 231 220 219 215 214 211 208 204 204 202 202 201 201 201 201 200 200 200 200 200 200 200 199 199 199 198 198 198 198 196 197 197 198 198 199 202 201 203 202 203 203 204 207 210 209 207 206 202 200 201 201 192 192 176 162 189 191 192 194 199 202 207 206 210 206 206 207 209 210 214 216 218
255 254 254 256 256 260 266 264 275 264 258 256 257 277 297 336 330 312 292 258 247 237 244 224 221 218 216 212 212 209 208 204 204 201 201 201 201 201 200 200 200 200 200 199 199 199 199 199 198 198 198 198 198 195 195 197 197 197 198 200 200 201 201 202 202 203 204 204 202 202 203 199 199 198 198 191 191 178 161 192 194 194 195 198 202 204 202 201 202 206 206 208 210 215 216 221
254 253 252 251 251 252 252 257 258 265 252 250 252 267 286 315 343 320 301 275 269 247 235 225 223 217 214 211 210 208 207 204 204 203 202 202 202 201 200 200 199 199 198 198 198 198 197 197 197 196 196 196 196 195 195 195 196 196 197 198 198 198 199 200 201 199 199 198 197 198 199 200 200 200 200 195 192 176 165 183 189 193 196 196 197 197 195 207 205 205 206 210 213 217 219 229
252 252 251 250 249 250 250 254 255 254 251 249 251 259 272 303 335 323 312 290 280 264 243 226 226 218 214 212 210 207 207 204 204 204 202 202 202 200 199 199 199 199 199 199 199 199 199 198 197 196 196 196 195 195 195 195 195 197 196 196 197 198 198 198 199 198 197 196 196 197 198 199 200 201 201 199 193 188 171 165 171 186 193 194 195 191 195 208 210 208 207 210 212 218 222 230
254 251 250 248 247 247 247 248 250 248 246 247 247 267 280 290 295 297 288 311 301 291 266 238 247 223 218 211 209 206 206 205 204 202 202 201 200 200 200 200 200 200 200 199 200 199 199 198 198 197 197 197 197 196 196 195 195 195 195 197 199 196 196 196 197 196 195 195 195 196 197 198 198 199 199 198 196 191 189 173 188 195 174 182 185 192 195 200 202 206 207 214 216 218 220 228
252 251 250 247 246 246 246 247 247 242 240 243 244 259 263 269 271 279 274 292 286 276 268 254 256 224 217 210 208 206 205 209 206 202 202 203 203 201 201 200 200 200 200 200 200 199 199 198 198 198 197 197 197 197 197 197 196 195 196 198 198 196 197 195 195 195 195 194 195 195 196 197 197 197 198 197 196 192 189 174 185 203 201 170 173 192 193 198 202 204 206 213 215 217 217 223
269 253 252 249 248 246 246 244 241 240 240 239 241 243 247 251 253 258 262 280 294 271 262 239 231 222 218 210 208 206 205 211 209 207 209 214 212 208 211 212 203 201 200 200 200 199 199 200 199 198 197 198 198 197 197 197 197 197 197 201 199 197 198 197 198 198 197 194 194 194 194 195 195 196 197 194 193 193 188 184 193 209 193 194 177 190 190 194 197 201 204 208 210 212 213 220
281 257 255 251 251 247 246 244 243 239 239 238 238 241 240 247 249 255 258 269 291 278 262 239 231 222 217 210 207 206 206 212 212 217 217 214 214 214 213 209 203 201 200 200 200 200 200 201 201 198 197 197 197 197 197 197 197 196 197 198 198 199 199 198 198 197 197 197 196 194 193 192 193 196 193 193 191 193 188 186 197 199 191 198 173 191 189 195 201 202 204 206 207 211 212 218
279 272 265 261 259 252 249 247 245 240 239 235 234 235 234 238 239 246 248 264 268 280 266 240 235 218 213 208 207 206 206 217 220 221 219 216 214 208 208 204 204 204 204 203 202 201 203 203 203 203 200 198 197 197 197 197 197 201 198 198 198 200 200 200 200 200 200 204 198 195 194 194 193 193 193 192 191 189 189 186 196 198 190 198 184 179 183 198 200 203 204 204 203 207 209 211
290 294 277 268 264 259 256 248 246 242 240 236 234 232 232 234 236 241 244 252 255 266 250 230 225 216 212 208 207 206 209 218 219 217 213 212 209 205 205 206 205 206 206 213 214 206 206 207 206 205 204 198 197 199 198 198 200 203 206 206 201 200 200 199 201 202 202 206 199 199 196 194 194 193 196 193 192 191 189 187 191 195 192 198 196 187 184 193 197 202 202 202 201 204 207 210
319 329 314 285 290 290 280 258 253 246 245 240 239 237 231 231 231 234 236 240 243 237 232 223 220 212 210 207 207 214 220 217 215 214 213 209 207 206 205 212 211 209 211 232 228 209 209 209 210 211 210 207 205 206 206 205 208 214 214 207 204 203 203 202 204 205 207 210 210 215 218 200 201 196 197 195 194 191 191 190 192 195 197 199 199 195 191 184 188 190 190 195 197 200 203 203
334 340 328 301 312 296 294 268 260 249 248 252 245 238 235 229 229 230 230 234 236 232 226 220 216 211 209 208 207 221 223 217 218 215 213 209 209 207 207 212 212 214 219 235 222 212 210 211 214 226 231 220 211 209 209 210 213 213 214 206 205 204 204 204 206 206 207 211 212 216 214 206 203 197 197 197 196 192 194 194 196 194 198 206 205 198 196 192 191 192 192 193 195 199 200 202
327 314 311 304 308 304 303 281 272 254 254 275 268 240 243 227 223 227 226 227 227 226 225 223 215 211 210 208 209 224 225 221 220 216 215 212 211 212 213 221 231 225 230 224 220 216 216 215 215 232 236 241 229 222 228 216 216 212 212 209 210 207 210 211 210 211 211 213 215 215 210 204 202 200 200 200 202 202 202 202 199 197 199 211 219 210 200 194 194 205 199 197 197 199 202 202
317 311 307 302 302 296 294 276 268 257 259 270 274 252 255 230 222 226 225 225 225 225 224 221 217 211 210 210 213 221 224 223 221 217 216 212 212 213 214 221 233 228 227 223 221 223 225 218 217 228 233 241 235 235 242 218 218 214 213 215 213 209 211 213 213 213 212 213 216 215 211 208 204 203 203 201 202 202 203 208 206 200 200 209 211 216 199 196 198 206 210 197 198 200 204 203
327 308 309 303 294 292 292 292 281 263 264 271 271 269 274 240 227 224 224 222 222 222 221 214 212 211 211 217 216 223 229 227 224 223 222 220 219 231 231 226 228 228 227 225 228 262 252 229 227 236 247 262 270 240 228 230 221 229 220 218 216 212 213 215 215 214 215 217 223 217 219 222 208 209 208 208 207 210 218 214 213 202 204 206 205 201 201 199 200 211 214 212 206 203 203 204
318 307 303 301 293 292 290 280 273 267 268 272 272 272 274 250 230 222 222 221 221 221 217 213 211 212 212 220 218 225 233 235 236 225 224 230 227 245 245 230 230 229 229 228 234 265 263 240 233 246 249 256 265 249 240 229 223 220 218 218 218 215 216 218 218 218 216 220 226 220 219 212 207 212 214 217 214 218 223 219 215 204 209 209 208 204 203 201 201 214 218 221 210 210 204 201
310 308 305 296 292 287 285 279 277 273 275 275 275 274 273 253 246 224 220 219 219 216 215 213 213 214 221 226 227 234 239 254 248 237 251 242 253 253 245 237 238 245 240 236 239 251 260 252 243 242 250 244 240 239 236 237 232 224 224 223 221 219 219 225 228 229 228 227 226 220 215 217 214 218 219 221 221 222 219 217 212 208 213 216 211 207 212 207 206 216 223 222 216 218 215 206
322 327 317 313 310 295 292 282 280 276 277 277 277 276 269 247 241 230 225 217 217 215 214 214 213 219 225 244 247 249 264 259 247 243 255 250 257 269 262 240 239 245 245 242 243 253 262 269 255 241 243 248 258 260 254 251 238 228 228 227 225 221 221 229 235 239 238 242 241 224 222 220 217 221 222 223 223 221 216 212 210 213 214 218 216 208 212 210 208 217 219 224 221 217 217 210
354 335 342 365 369 336 321 295 295 296 297 313 318 306 301 292 281 261 244 224 222 241 233 216 216 222 229 254 273 288 299 270 262 265 258 264 264 254 252 251 251 251 269 257 277 278 271 253 248 246 248 255 264 280 275 252 234 237 236 233 232 231 232 236 239 256 249 246 243 230 227 225 223 226 227 227 228 225 221 222 220 222 221 219 216 212 212 211 210 215 217 227 227 222 219 212
358 322 330 357 371 342 326 310 300 296 305 311 308 316 327 313 296 256 248 247 243 264 246 218 219 226 233 277 290 312 304 269 272 269 260 267 267 254 253 259 261 263 278 265 282 277 268 253 252 250 252 258 263 266 263 249 235 238 241 239 238 236 241 241 245 254 249 239 234 231 226 227 226 231 230 232 242 237 229 226 224 223 222 219 217 215 214 212 212 215 218 227 228 222 217 210
330 314 307 324 323 331 323 298 291 284 289 297 287 295 317 283 280 280 279 275 262 251 247 220 217 236 256 277 284 278 282 288 286 288 277 285 284 261 260 279 282 294 304 295 291 274 268 269 263 264 262 265 270 265 262 256 255 250 253 250 250 250 254 253 253 254 251 245 240 232 231 232 233 240 241 238 250 233 226 230 229 226 223 217 216 216 217 217 217 217 219 224 225 220 217 215
313 311 302 322 316 313 318 311 297 280 282 286 283 281 300 270 264 260 257 259 245 237 235 226 222 230 246 261 278 269 265 270 272 283 288 290 293 267 267 278 279 286 288 288 283 275 273 274 271 273 271 271 276 285 280 271 266 261 260 257 256 259 262 259 260 253 252 246 242 237 234 235 236 246 247 244 246 233 235 233 231 229 225 221 217 219 219 218 217 218 220 224 224 224 224 219
300 297 289 306 307 303 303 292 291 280 278 268 269 267 275 266 260 247 242 240 238 233 227 224 223 232 238 246 248 252 254 256 257 263 270 281 272 265 264 266 268 274 275 280 280 286 294 298 299 297 299 294 285 293 305 304 292 279 276 285 279 276 279 275 275 267 262 253 253 246 245 247 247 254 257 249 246 245 245 239 237 236 234 227 226 232 232 228 229 228 225 226 229 227 224 219
