data/landfire_maria_fire/ELEV2020.asc
ncols        434
nrows        438
xllcorner    -2099595.000000000000
yllcorner    1481955.000000000000
cellsize     90.000000000000
NODATA_value -9999
[rows 220 to 263 of 438, columns 288 to 383 of 434]
253 260 268 266 268 256 254 257 258 259 261 265 266 273 280 266 266 266 268 277 283 287 286 286 288 286 287 289 291 293 289 290 289 290 292 294 295 309 298 300 303 300 305 307 315 342 341 321 315 312 315 319 320 327 329 342 345 354 357 359 355 337 322 309 302 305 314 329 343 377 392 390 388 394 405 418 430 421 394 426 408 393 426 474 473 483 483 483 467 500 514 458 448 523 512 526
248 262 264 258 253 250 249 251 253 256 259 261 263 268 269 260 259 265 271 272 276 279 279 283 285 281 282 284 287 278 284 282 283 285 285 288 294 290 291 296 294 296 298 313 327 332 319 305 303 308 313 325 328 332 337 342 344 348 350 345 342 334 329 302 299 304 308 342 356 370 388 373 370 393 404 414 425 397 379 381 385 432 447 434 420 454 451 440 467 469 454 436 469 485 464 527
246 261 262 255 256 249 247 249 251 257 261 260 257 264 261 257 258 266 266 271 274 277 275 276 280 279 280 281 284 275 279 279 280 282 283 284 285 287 289 289 291 295 301 319 324 322 312 300 302 311 317 324 327 332 334 339 340 344 346 339 335 329 325 300 297 301 305 334 340 365 379 356 373 387 384 404 407 388 374 378 388 441 426 398 419 434 422 464 476 440 430 452 480 457 474 516
252 245 246 244 241 242 243 246 247 256 257 257 251 252 252 253 255 258 260 265 266 270 270 271 271 274 275 276 275 271 273 274 274 276 277 277 277 282 283 287 293 309 311 314 317 306 295 300 307 311 313 319 320 326 327 335 341 331 331 317 319 323 322 295 294 297 303 330 349 358 350 343 354 358 368 377 392 370 369 382 393 398 378 430 435 412 440 444 425 421 445 454 445 469 491 468
249 239 241 239 239 241 242 244 246 254 255 255 251 247 248 249 250 254 258 261 263 266 266 268 269 271 272 273 272 269 269 271 272 273 274 274 275 279 281 296 300 305 302 307 310 301 291 301 304 309 312 316 319 321 324 339 341 326 318 314 317 313 311 292 293 296 306 343 349 345 339 345 364 344 351 373 381 345 369 379 387 375 375 425 410 408 420 422 411 431 444 439 440 471 468 475
239 236 233 234 236 238 237 246 249 251 250 248 248 245 244 245 245 248 250 254 257 260 261 263 265 266 267 267 266 264 264 266 266 267 268 270 271 281 285 289 291 293 287 292 302 285 286 297 297 303 304 308 313 317 320 329 322 308 304 300 296 290 288 289 290 314 338 325 322 336 348 343 340 327 341 348 356 313 355 358 376 350 367 379 381 411 412 404 419 421 421 438 444 450 465 465
242 234 232 233 234 236 237 246 248 249 247 245 244 242 242 243 243 245 246 252 254 257 259 260 262 263 264 264 263 262 260 263 264 265 265 267 268 277 281 284 283 282 284 286 298 281 286 293 294 300 301 309 311 314 316 318 311 302 304 291 287 285 286 288 290 329 337 320 325 341 347 332 327 328 346 337 340 321 352 349 349 342 354 376 383 401 400 418 428 390 423 426 435 463 476 445
234 240 236 229 231 233 241 252 251 247 245 241 239 239 239 239 240 242 244 248 250 253 254 256 257 259 259 258 258 257 256 258 259 260 260 264 266 271 272 274 275 275 281 284 288 276 279 286 290 296 299 303 304 307 309 303 298 295 294 281 280 282 284 286 292 321 315 324 331 319 317 312 314 333 336 312 303 331 320 310 326 344 355 383 389 391 352 413 412 370 375 441 450 459 458 391
227 247 245 228 229 230 238 250 254 250 246 240 239 238 238 238 238 241 243 246 248 251 253 254 255 257 256 256 255 254 254 255 256 257 258 261 264 267 268 268 271 274 276 281 280 274 276 285 288 294 296 299 301 303 305 297 293 292 287 281 279 280 282 285 298 313 313 322 318 311 307 310 317 339 327 313 296 309 294 308 324 333 356 374 383 370 348 403 396 379 401 416 429 443 432 369
229 234 229 221 225 227 236 249 244 259 259 251 249 243 238 236 237 239 240 243 245 248 250 252 253 253 253 252 250 250 249 249 251 253 253 255 254 260 261 260 262 266 267 271 273 271 273 282 285 289 290 290 294 298 301 288 288 282 279 275 275 278 278 301 314 312 302 313 308 298 299 304 309 327 312 284 295 283 294 312 325 328 346 355 366 338 334 383 344 397 381 412 407 390 406 340
230 226 225 219 223 228 240 247 239 257 260 259 259 246 241 236 236 238 239 243 244 249 252 253 254 253 252 250 248 247 246 248 249 251 251 249 252 257 256 257 260 260 263 268 267 269 275 280 282 285 286 289 292 296 299 284 285 275 274 273 274 276 277 309 311 305 299 306 312 296 296 296 301 315 302 285 305 281 290 330 329 326 330 350 356 318 344 370 345 380 369 385 383 397 383 331
229 215 223 213 222 226 225 227 233 245 244 247 245 250 248 237 235 237 246 255 256 264 265 265 261 254 254 254 251 245 242 245 246 248 248 245 246 249 250 254 254 256 258 262 263 269 273 277 278 281 280 284 283 293 295 278 276 269 269 271 272 273 291 302 303 303 293 301 304 295 289 302 315 308 283 303 303 271 285 310 313 305 298 323 328 324 339 348 320 354 343 370 390 349 321 369
223 216 223 214 221 220 218 225 230 236 236 232 233 244 243 244 233 236 241 269 264 272 275 273 265 252 258 256 255 256 241 243 245 255 251 245 248 247 248 252 252 255 257 261 263 270 272 275 277 279 275 278 283 291 292 278 270 268 267 270 270 279 296 300 297 299 289 298 298 286 285 298 295 290 271 303 293 271 289 297 306 287 305 308 306 325 324 323 321 340 331 374 380 316 321 355
208 223 228 210 218 221 229 235 236 236 232 233 230 234 244 235 224 237 240 259 258 248 253 251 249 244 257 254 261 248 237 240 245 241 240 242 242 246 247 250 251 255 257 262 262 269 270 272 271 271 267 281 283 287 287 276 264 264 264 266 266 295 296 296 291 293 283 290 295 281 280 279 284 266 282 285 273 278 295 288 297 282 287 296 301 298 309 306 329 305 329 347 323 320 328 319
200 224 221 208 211 228 232 236 241 242 240 243 235 229 248 221 228 248 250 262 262 242 250 241 238 249 249 251 252 244 234 237 235 240 241 243 243 247 251 255 255 261 260 264 264 270 271 267 269 266 270 279 281 285 285 274 263 262 262 265 265 291 295 290 288 289 280 281 286 280 278 277 290 263 271 274 263 282 285 287 285 276 280 308 290 282 286 308 315 290 295 329 298 314 315 314
205 226 212 206 211 216 221 235 244 248 242 254 244 224 218 234 244 252 253 255 258 243 231 238 226 230 229 231 237 229 232 235 244 260 268 266 257 263 277 265 275 281 278 275 275 276 275 261 257 269 274 276 278 282 283 271 260 259 258 261 261 281 292 280 281 287 275 272 277 269 276 270 283 267 257 257 257 263 261 267 277 294 293 296 275 281 299 282 288 291 309 312 286 300 307 301
216 226 213 205 208 215 225 236 234 251 236 248 238 219 220 241 248 250 248 252 255 236 230 227 222 222 223 224 228 226 229 246 250 273 288 274 269 281 282 270 281 287 283 280 278 278 278 257 263 273 273 276 278 282 282 272 258 258 257 259 259 276 290 278 282 283 274 268 272 265 273 267 275 265 256 253 256 256 262 276 289 279 284 294 279 287 303 275 273 290 307 299 281 303 312 297
220 222 206 199 206 220 217 221 230 231 230 230 227 215 222 238 249 242 240 232 237 216 213 219 218 226 228 232 231 241 245 278 279 289 294 296 284 295 296 296 288 295 289 267 261 279 274 258 273 273 275 277 279 281 281 272 256 255 254 256 255 268 285 280 285 267 278 266 262 259 259 280 269 275 266 249 251 275 281 261 266 267 279 269 258 283 294 261 271 306 318 285 276 305 301 292
218 217 204 202 205 210 212 226 239 221 232 219 217 222 225 228 244 239 233 225 223 211 208 224 229 237 238 239 242 251 258 278 280 286 294 299 298 300 289 300 289 291 277 275 267 276 267 257 269 270 275 278 279 280 281 275 256 253 252 255 254 263 280 282 283 267 267 263 261 256 257 279 263 268 254 248 262 277 275 255 257 277 278 262 255 286 284 263 286 302 322 287 273 299 298 286
207 197 196 201 208 205 220 225 222 222 213 210 213 232 231 229 231 232 230 216 209 216 226 235 235 236 244 250 250 257 264 274 276 287 288 290 292 293 294 296 293 283 284 275 265 261 254 264 280 278 280 280 280 281 281 276 262 249 249 250 250 257 267 279 278 277 269 262 267 252 254 274 257 264 246 267 268 260 254 267 266 273 284 251 258 276 258 275 276 309 312 281 267 279 288 274
205 193 196 212 207 204 212 213 213 219 208 211 218 227 229 229 231 230 228 207 204 227 238 250 245 237 247 250 250 256 271 273 266 275 285 288 290 290 289 286 287 283 286 265 259 256 247 273 272 279 281 279 280 279 280 280 273 248 247 247 248 251 257 278 275 275 272 260 265 250 250 260 253 260 244 261 259 249 253 266 258 281 276 248 250 264 250 266 285 303 302 277 264 277 279 272
193 192 199 211 206 201 202 206 203 205 206 220 221 220 219 218 219 218 213 201 210 216 219 232 226 234 243 244 243 267 278 258 263 282 282 284 286 288 289 273 274 277 280 272 257 241 243 254 269 283 280 279 275 281 283 283 282 249 244 244 244 246 250 273 271 270 269 251 264 260 249 247 269 248 237 254 242 260 264 262 279 273 271 242 258 245 251 284 286 284 293 271 259 277 263 276
189 194 206 206 204 196 195 199 207 202 205 219 220 214 214 216 216 209 201 211 218 217 214 222 224 231 245 243 241 251 268 256 276 282 279 282 276 289 289 265 267 273 273 269 253 239 247 259 279 282 278 274 275 280 283 283 283 262 246 242 242 244 247 271 270 268 265 250 264 266 255 250 263 242 236 254 239 263 252 271 269 274 259 240 261 246 268 279 287 280 287 271 258 275 261 291
188 207 206 192 197 193 197 200 198 202 216 219 218 201 199 202 197 195 201 227 234 247 245 240 239 250 256 253 245 242 244 272 274 263 267 268 272 269 268 259 256 262 263 258 257 237 240 283 294 272 270 270 273 278 280 282 282 270 250 239 238 240 241 269 262 260 262 250 264 252 252 244 258 235 234 252 236 245 241 263 252 270 253 246 242 267 272 277 270 282 289 265 254 256 274 298
193 203 202 190 191 193 195 196 200 218 222 217 206 191 191 191 193 201 207 229 243 266 265 255 255 265 267 266 255 246 243 261 260 253 256 269 280 276 271 261 255 261 259 255 255 235 243 277 287 264 264 266 268 272 276 282 281 277 258 238 237 237 239 267 257 252 261 250 258 251 249 238 257 236 231 251 234 236 248 250 253 266 246 238 238 265 270 267 261 284 281 253 253 263 284 290
192 185 185 187 188 204 210 220 223 233 227 195 187 186 192 202 205 214 221 241 253 266 261 258 262 267 269 266 273 266 261 254 254 261 268 265 278 280 287 283 268 250 261 263 254 234 236 256 278 266 256 262 262 268 270 275 276 283 269 253 236 233 235 244 244 253 252 242 261 249 239 231 237 239 229 248 244 244 250 244 249 251 231 244 252 270 255 269 282 264 265 247 254 292 286 278
182 183 185 191 200 220 222 221 228 223 213 185 185 186 195 208 214 223 226 241 243 253 240 251 261 265 259 253 265 271 278 268 262 274 281 274 277 266 276 268 269 240 263 269 262 230 235 265 283 279 261 260 260 267 267 271 272 285 274 249 239 231 232 235 239 253 245 242 263 256 241 231 229 233 226 244 242 238 242 241 252 234 227 250 257 253 249 276 279 262 260 247 272 286 278 270
182 206 207 210 217 215 214 226 225 205 189 181 182 189 200 226 231 240 244 223 214 238 220 231 226 233 231 241 239 269 275 290 293 276 271 257 249 246 265 252 246 232 237 263 259 230 226 259 271 271 267 250 253 260 262 264 263 278 272 267 262 229 228 229 233 235 234 262 263 261 259 251 235 225 222 234 231 233 231 246 244 227 245 248 250 250 261 276 278 261 245 257 272 269 260 245
193 204 198 212 219 210 220 221 227 197 185 179 179 194 206 236 250 227 232 214 207 220 214 215 215 221 225 230 247 277 282 279 292 271 253 249 244 243 253 268 261 237 230 257 258 228 224 240 253 265 264 249 248 259 261 263 259 266 264 262 256 228 226 227 227 233 229 262 262 262 256 260 247 222 225 228 225 227 234 241 237 237 239 244 236 250 264 270 274 252 241 261 268 261 253 258
209 192 196 203 204 213 217 227 215 197 182 178 188 204 214 237 247 214 202 198 199 208 211 218 220 219 222 225 231 250 256 269 274 273 256 241 238 236 240 247 244 231 230 230 236 223 220 237 230 250 261 258 245 243 248 248 248 248 252 251 248 231 223 224 223 225 233 258 252 246 261 254 254 222 218 230 217 223 237 225 219 230 236 236 247 261 257 262 268 239 237 261 260 241 238 275
208 188 199 208 209 213 226 220 204 197 180 175 179 213 222 244 231 216 197 196 205 228 231 236 241 231 230 236 238 239 244 257 262 259 249 238 236 235 234 231 230 229 224 230 234 220 225 238 237 242 254 250 243 244 244 245 245 243 250 246 244 229 222 222 222 226 241 256 248 240 256 251 256 226 216 221 218 225 236 218 219 230 231 239 244 254 247 261 264 236 238 254 258 234 239 276
183 207 225 232 234 232 223 227 221 181 174 172 175 207 231 215 221 192 188 211 218 213 225 217 238 250 250 251 245 239 250 255 242 262 267 252 233 228 227 227 221 223 225 227 227 214 229 245 231 233 234 237 239 240 242 242 241 233 234 239 239 221 219 220 219 230 257 260 246 236 234 224 222 221 215 212 223 215 218 212 220 224 228 236 236 242 246 250 252 231 239 247 250 232 253 254
184 215 236 227 236 218 218 239 219 179 173 171 175 207 228 201 215 187 185 200 205 206 203 226 236 233 240 238 235 227 236 234 226 261 253 242 231 226 226 221 220 222 222 224 215 217 237 242 232 231 232 236 236 238 240 240 240 237 230 235 236 221 218 218 218 235 248 260 246 258 255 232 225 217 214 210 220 216 213 220 231 221 223 228 234 241 243 248 251 236 235 247 251 235 258 256
198 218 207 193 205 209 225 229 223 178 169 168 181 203 200 188 184 179 182 188 184 188 201 211 204 211 219 218 206 230 232 215 227 235 237 221 222 215 205 210 221 217 214 205 206 232 231 232 226 225 225 227 230 234 233 236 235 235 237 226 226 215 215 215 215 235 256 262 260 256 257 249 258 238 226 209 207 216 210 231 223 217 219 226 228 235 233 237 245 230 234 243 242 230 246 254
196 203 196 186 188 214 212 225 221 178 167 169 190 197 195 191 181 176 184 190 181 186 190 204 194 208 208 207 201 217 216 210 223 225 233 219 214 203 201 219 223 218 215 204 217 229 229 228 221 222 222 224 228 232 231 231 232 228 234 224 224 213 214 214 215 239 255 261 255 245 256 259 258 252 236 207 206 211 210 228 217 214 216 225 224 226 232 232 235 229 237 246 232 238 237 255
179 177 174 190 196 205 206 212 215 179 165 166 183 192 190 186 187 172 171 182 173 175 180 186 194 194 196 193 203 207 198 199 210 211 213 206 199 194 199 229 227 220 202 215 225 225 226 216 217 219 219 220 221 224 226 229 232 223 226 218 216 209 210 211 210 228 244 244 241 236 243 248 257 248 230 207 203 213 205 220 211 213 222 217 217 228 231 227 227 237 237 233 224 237 229 248
172 168 176 180 185 200 199 210 205 173 167 164 176 188 187 178 183 172 169 178 174 170 174 185 190 189 196 190 196 201 196 196 207 204 206 204 195 190 209 220 222 213 196 220 222 224 224 211 214 218 218 219 221 224 226 229 232 224 222 216 212 208 208 208 208 223 244 244 243 235 240 246 253 235 224 219 203 206 204 218 210 223 216 215 216 220 222 227 231 235 235 238 224 225 231 244
161 162 163 178 183 183 186 187 187 168 158 162 163 173 183 177 174 173 165 163 169 164 166 179 184 185 185 184 189 190 188 186 193 190 196 198 189 198 196 205 204 190 194 217 215 222 220 202 216 219 219 209 218 223 224 227 229 225 212 221 206 205 204 204 204 211 218 234 215 219 221 244 246 249 248 221 208 199 202 207 208 209 210 226 227 223 224 226 228 232 234 238 218 232 245 221
160 159 162 174 176 172 178 185 175 165 157 158 158 169 179 173 172 171 167 160 163 162 165 169 174 181 177 179 183 189 182 183 185 193 198 191 184 192 204 195 189 192 206 216 211 221 215 207 215 220 220 202 218 222 224 225 226 224 217 213 204 203 203 202 203 209 212 218 207 213 216 242 242 234 236 231 209 198 203 206 207 209 221 223 222 223 225 226 228 231 233 230 213 231 245 217
151 160 162 158 162 174 179 182 178 157 155 155 155 159 169 168 163 166 171 167 156 166 165 160 162 168 170 180 182 178 172 188 186 193 193 178 183 199 188 181 189 211 211 205 202 218 200 217 213 214 222 203 206 220 208 223 223 220 218 209 201 200 200 200 200 200 205 203 200 198 196 208 214 219 214 220 217 195 201 204 201 221 220 199 201 205 213 222 223 226 230 233 219 225 238 209
149 158 152 166 170 176 177 180 179 162 157 153 154 157 165 173 158 161 172 172 156 165 163 157 160 165 172 177 174 170 170 184 176 187 191 176 185 182 177 187 199 212 211 201 205 213 194 208 216 213 224 203 198 220 204 222 221 219 216 211 202 199 198 198 199 198 198 199 196 195 193 195 197 200 201 210 203 193 196 200 199 212 208 194 195 200 205 216 220 225 227 232 233 217 219 210
142 143 153 162 166 172 173 174 173 172 157 151 152 156 157 172 161 157 171 165 150 151 162 174 175 175 175 165 169 167 171 169 181 187 184 173 178 175 193 208 210 215 217 197 196 199 187 211 224 208 211 209 194 202 213 227 225 215 210 201 198 197 197 197 198 197 194 192 191 188 187 186 187 192 193 190 190 191 192 192 192 193 193 193 194 200 201 211 221 225 224 231 232 204 209 220
140 140 146 165 168 171 171 170 168 161 153 149 152 156 154 165 157 168 168 151 149 161 159 171 170 170 175 165 161 163 162 172 179 179 179 171 170 184 192 203 204 210 214 200 190 187 192 217 219 201 216 207 192 197 219 229 230 230 227 214 196 196 196 196 197 194 193 191 190 187 185 183 183 185 187 189 189 190 190 192 192 196 193 193 193 197 200 211 215 221 228 231 213 203 216 231
135 137 137 146 157 153 156 149 151 147 147 148 148 148 146 151 146 160 149 149 165 152 153 154 148 148 152 157 156 166 173 173 173 175 175 165 165 167 169 180 182 202 193 183 202 182 190 217 214 206 209 196 188 212 223 212 223 215 210 205 202 200 199 196 196 194 192 189 187 186 184 182 181 183 183 186 186 187 188 189 189 193 193 192 193 195 198 202 200 212 215 201 204 237 259 277
