data/landfire_maria_fire/ELEV2020.asc
ncols        434
nrows        438
xllcorner    -2099595.000000000000
yllcorner    1481955.000000000000
cellsize     90.000000000000
NODATA_value -9999
[rows 176 to 219 of 438, columns 288 to 383 of 434]
293 274 249 220 215 283 302 357 388 437 457 488 496 454 407 328 298 277 258 224 224 210 211 237 245 265 271 324 335 367 382 390 389 407 418 464 473 477 517 540 542 506 476 450 470 527 536 519 516 466 495 458 445 518 535 458 428 418 438 446 427 455 446 454 454 475 458 396 382 399 397 377 373 388 397 343 329 307 305 293 287 262 285 281 308 322 321 428 437 384 387 377 344 332 369 419
367 347 331 257 249 245 267 358 412 504 516 530 535 491 444 358 315 274 256 281 267 214 220 231 239 271 297 353 364 383 405 472 471 474 482 520 530 538 559 547 537 529 511 496 506 527 529 528 522 515 551 528 493 527 568 531 512 475 497 511 479 499 486 464 457 491 460 423 391 407 416 405 411 433 412 386 384 341 321 288 280 289 298 318 328 375 355 452 441 443 458 410 402 367 369 405
410 391 374 296 278 241 270 354 413 508 514 524 518 480 433 340 302 288 293 307 267 216 220 235 244 274 295 335 352 386 412 500 515 523 531 560 566 574 584 568 565 532 535 496 500 520 530 545 546 538 582 594 547 528 570 600 576 514 518 520 488 510 517 486 479 509 481 428 408 401 407 421 429 452 431 402 384 376 360 312 299 297 304 358 364 414 403 467 454 478 485 449 414 380 415 421
503 484 445 373 355 263 291 395 434 478 483 488 468 430 409 320 323 388 384 332 288 224 220 247 253 279 297 309 335 409 446 516 542 559 555 537 532 537 545 557 568 547 530 488 484 528 563 598 593 572 592 635 626 587 603 647 634 613 602 565 540 533 544 543 523 547 510 474 445 422 427 437 461 496 475 436 433 453 418 338 360 344 359 370 429 487 486 494 512 526 525 494 485 407 458 512
501 487 468 420 376 286 287 379 409 443 452 484 457 414 398 351 352 409 414 340 290 231 222 237 269 278 286 310 339 430 462 513 519 543 540 515 511 515 523 522 529 536 522 464 474 533 552 591 587 581 594 626 620 615 630 649 649 643 651 616 588 571 580 580 568 573 541 508 499 452 456 472 489 523 506 473 471 459 427 366 390 384 379 369 417 513 495 503 530 552 558 527 504 422 447 537
461 458 451 412 384 305 316 321 335 389 434 475 465 418 410 413 399 406 383 350 328 242 226 253 284 363 390 398 385 411 437 485 492 488 499 467 476 488 481 458 455 460 454 440 462 498 505 554 544 560 576 596 616 638 639 627 631 639 635 651 653 667 667 667 664 630 623 619 580 522 535 564 568 576 581 583 561 483 471 430 448 461 445 441 450 549 545 553 552 606 592 546 521 442 437 506
430 435 435 405 384 299 339 348 346 415 427 461 483 447 428 400 399 399 380 325 295 239 230 273 293 356 398 412 404 433 447 472 478 477 479 458 468 461 450 437 448 432 428 419 437 471 497 531 524 545 553 590 614 628 609 608 611 619 612 617 629 654 640 652 671 667 665 646 598 583 573 609 614 616 609 595 561 493 517 482 486 507 489 494 518 586 589 592 592 620 604 547 503 488 462 524
382 386 385 366 355 310 352 392 381 394 422 443 439 407 390 365 357 367 351 296 251 242 238 241 267 342 348 368 388 417 439 430 436 419 436 437 428 431 404 426 417 386 382 432 452 463 463 478 480 524 550 594 634 608 583 571 575 568 573 568 578 599 596 628 635 625 634 608 625 642 658 675 675 667 658 610 573 533 564 596 577 617 616 624 629 620 634 651 648 617 588 525 521 530 508 488
360 377 377 339 329 318 351 395 412 420 401 425 419 381 370 368 357 347 332 258 248 268 246 242 254 308 311 345 358 407 420 401 400 416 419 415 404 419 395 411 402 372 391 414 425 434 449 460 475 537 573 609 633 625 612 570 561 557 552 546 549 561 563 616 617 602 609 571 590 631 647 663 659 656 651 605 571 554 589 613 598 604 618 630 630 621 623 640 649 607 583 564 547 538 512 484
349 332 329 324 349 326 360 372 409 388 360 360 363 340 329 341 327 302 275 275 314 312 269 301 251 296 328 333 354 356 370 363 327 384 370 362 361 364 375 406 386 379 382 374 389 405 420 470 510 532 536 576 605 612 612 613 610 589 577 535 510 519 548 571 581 548 550 546 566 578 590 597 591 593 584 563 560 580 600 605 603 596 596 590 593 587 579 584 591 631 651 618 595 550 533 530
333 341 346 361 360 346 351 377 414 404 375 328 331 339 312 301 303 277 256 306 320 281 265 293 252 289 325 346 348 332 337 342 318 358 342 345 345 351 375 398 367 381 368 369 384 401 414 470 505 504 533 582 595 599 598 616 618 605 596 532 513 516 535 550 549 538 521 524 534 549 563 562 570 556 556 558 558 565 574 575 575 574 572 568 565 559 541 566 596 650 677 642 615 582 559 534
411 401 395 364 384 395 371 398 373 353 346 336 294 303 284 274 261 294 299 324 296 284 304 307 273 288 324 313 314 308 302 315 303 318 327 332 336 358 346 352 345 352 358 372 378 405 428 440 453 505 560 591 570 573 569 586 584 585 592 538 509 498 513 508 495 498 491 500 508 541 528 507 516 499 499 498 500 498 495 515 512 518 509 513 517 504 521 588 623 681 687 688 676 643 633 598
422 381 375 387 410 409 378 391 366 314 313 321 299 280 268 264 276 345 362 338 321 293 326 315 275 278 300 289 289 298 290 294 300 309 329 324 335 334 330 345 350 363 370 374 380 397 410 435 458 549 575 585 576 561 562 574 569 571 576 544 520 500 524 523 499 483 484 500 508 544 515 497 493 486 484 475 474 471 481 496 498 501 493 490 493 516 541 604 634 664 670 673 669 663 649 631
424 403 389 418 424 410 393 352 349 330 303 281 279 303 290 292 326 363 369 315 299 288 308 274 270 264 267 275 280 297 298 307 300 317 320 326 327 337 344 352 362 374 381 397 407 429 442 486 509 553 551 564 545 542 538 556 542 552 569 526 504 494 517 557 543 479 484 541 559 576 558 540 521 504 491 494 486 460 464 491 494 474 475 510 528 561 569 596 601 622 620 626 627 633 614 636
427 416 399 388 375 392 396 322 318 316 292 306 304 320 285 324 350 374 363 335 323 303 334 296 285 281 285 283 303 320 311 324 320 327 332 357 357 352 351 352 365 377 384 398 409 446 459 498 515 551 539 556 542 531 530 548 534 549 554 533 509 493 522 553 540 476 487 548 572 596 589 553 524 516 514 487 481 456 467 480 509 480 471 501 510 544 549 578 587 602 602 605 605 615 602 613
429 408 380 338 325 327 337 317 321 294 297 324 347 327 313 364 372 353 345 328 318 309 320 318 323 333 339 292 299 338 357 379 375 340 330 360 374 403 411 358 376 399 410 441 455 474 485 486 495 524 516 535 535 513 514 529 517 523 531 519 503 482 501 533 506 473 487 523 536 571 574 570 577 550 532 503 489 459 454 497 498 479 466 496 511 527 534 565 553 582 568 568 572 570 570 570
416 379 344 358 322 331 312 304 298 308 311 330 389 368 371 349 346 326 324 318 312 303 304 308 333 341 339 311 295 318 343 388 395 355 332 383 397 392 412 363 370 388 405 445 471 467 471 493 506 516 508 528 529 509 506 514 508 512 515 508 499 483 503 513 492 474 490 523 528 545 555 558 560 549 554 511 485 456 454 482 494 473 459 488 497 510 530 547 543 565 555 551 552 553 558 549
377 367 331 327 309 308 304 333 346 314 325 397 396 386 375 344 336 319 315 309 307 303 299 307 322 343 342 331 308 322 316 341 359 375 352 346 356 382 399 384 403 398 406 456 456 467 479 489 498 490 491 468 475 506 499 502 493 494 503 523 507 474 473 491 461 485 498 512 500 494 498 514 524 522 529 513 484 445 445 459 467 464 452 471 486 499 503 519 508 533 538 525 536 527 538 532
367 382 351 323 345 340 310 359 330 347 367 399 381 367 360 342 340 335 341 315 311 302 300 312 325 344 340 317 316 343 322 343 367 368 370 352 367 377 404 393 411 419 416 452 449 468 482 482 486 487 477 447 447 490 488 499 488 504 513 519 511 471 464 479 460 484 479 500 499 480 480 495 498 505 505 504 496 447 436 457 468 455 450 466 481 492 501 507 498 515 523 518 529 522 526 525
357 386 388 379 384 328 339 336 316 344 359 408 403 384 379 364 343 389 396 359 351 317 306 320 330 344 344 344 321 364 347 347 366 397 400 405 400 419 448 443 450 468 461 439 451 472 468 467 476 458 445 432 432 462 475 485 485 505 504 513 508 479 467 459 445 455 465 488 473 468 461 464 462 481 491 467 473 445 433 440 449 450 441 484 481 486 490 484 490 490 493 504 507 500 509 509
353 362 376 395 369 337 360 324 337 329 343 415 419 392 378 349 358 394 405 376 368 335 310 331 347 346 344 348 344 366 377 371 401 409 412 434 435 446 449 442 455 456 453 436 444 458 455 473 475 440 433 431 430 451 464 484 485 496 495 504 521 503 491 454 441 456 468 480 461 459 451 450 451 491 487 455 469 459 436 430 449 446 436 472 466 479 482 476 480 480 487 491 495 498 508 499
346 349 356 372 383 390 365 354 370 383 386 419 423 396 379 370 370 417 427 410 399 357 355 386 389 381 344 357 359 356 359 394 440 436 419 440 456 428 424 439 453 435 435 435 437 442 453 476 474 443 434 428 425 427 432 473 471 475 467 491 497 497 484 455 439 441 469 470 458 434 434 431 445 478 468 443 447 458 445 419 440 431 431 454 457 466 467 468 460 470 473 476 478 489 489 484
345 347 352 359 368 388 356 356 378 410 412 417 414 388 388 392 376 411 422 417 403 365 374 382 396 371 345 367 366 381 388 429 427 424 410 447 458 420 425 430 447 428 433 436 436 440 458 477 477 454 441 430 428 427 428 467 464 465 464 477 494 478 473 463 443 441 463 459 457 442 429 425 436 475 474 440 433 445 429 423 432 425 429 447 452 460 462 463 454 464 466 469 469 485 482 478
336 334 336 349 357 401 398 393 395 388 409 423 424 428 422 412 411 410 408 406 393 394 383 405 401 377 384 429 433 420 404 416 400 402 406 449 439 430 415 422 426 415 423 428 428 435 446 476 478 469 460 431 429 420 428 452 463 474 470 496 496 447 454 435 426 427 445 458 449 438 434 414 422 454 452 439 427 422 414 412 414 424 430 437 444 457 447 447 443 451 453 459 465 478 468 472
333 330 334 353 370 387 389 384 383 389 405 415 417 413 404 404 404 398 394 414 404 410 398 409 397 388 389 426 434 404 401 409 394 392 404 437 445 440 416 413 412 414 412 426 424 428 442 476 484 454 464 439 433 423 429 444 457 478 473 502 498 443 435 421 419 431 450 473 459 440 435 408 415 447 438 426 422 410 406 409 411 421 426 435 440 448 441 442 439 446 449 461 471 468 467 465
327 326 334 364 379 364 371 369 369 391 398 402 402 393 386 384 387 384 380 397 408 417 408 400 397 389 390 421 404 393 402 398 383 410 405 419 424 411 403 402 411 405 396 420 417 427 435 460 462 439 453 474 468 436 435 435 454 482 485 490 499 467 441 415 443 486 485 445 443 420 408 402 420 460 447 435 422 399 400 418 427 446 442 432 438 445 446 427 430 443 449 457 463 459 450 456
324 324 335 360 379 364 360 358 372 377 388 392 393 382 375 374 376 376 378 385 389 399 406 386 386 387 390 425 412 387 407 391 378 413 396 418 435 411 396 408 423 415 401 414 412 425 431 454 448 434 445 477 476 439 433 431 452 479 468 485 485 482 446 417 440 474 463 437 436 418 398 414 437 444 427 426 411 395 403 428 429 445 432 426 440 435 446 424 430 436 442 452 464 451 445 458
315 323 330 378 384 348 346 355 354 360 374 375 366 372 362 361 361 366 367 375 376 380 384 380 375 384 392 393 397 391 383 370 380 396 383 422 405 416 389 399 406 406 425 405 404 417 430 431 429 427 440 458 456 439 419 419 418 423 437 461 482 452 416 427 452 419 412 429 416 399 389 435 425 430 418 404 394 393 402 405 406 420 421 433 452 438 446 417 436 438 443 449 454 445 438 455
312 331 348 383 383 343 341 345 350 357 367 365 358 364 359 358 358 364 365 374 376 378 379 373 364 369 378 387 385 390 375 368 384 388 380 408 391 417 388 398 407 399 426 398 398 418 427 422 417 421 427 455 440 412 413 412 414 421 433 469 479 434 401 432 463 418 403 427 398 381 407 444 408 428 404 407 389 390 390 396 404 407 408 432 433 426 434 417 424 442 447 442 448 440 436 446
308 316 328 377 375 335 334 333 341 352 355 346 365 367 355 353 353 355 356 366 367 369 368 362 363 365 366 368 369 365 357 386 393 369 382 380 383 402 387 389 407 401 411 389 390 409 407 406 404 421 427 442 428 408 404 402 417 417 429 455 445 400 394 450 437 376 399 417 393 388 389 423 393 376 369 371 375 386 385 385 386 391 400 410 412 407 400 408 416 431 447 437 450 436 428 427
309 313 327 381 366 333 333 329 344 337 341 346 361 365 349 342 344 350 353 366 367 366 363 362 363 365 366 368 369 354 362 395 391 364 383 371 387 384 375 398 400 389 403 385 387 396 405 397 402 418 436 446 441 429 407 399 415 417 428 436 434 392 396 441 428 367 394 391 378 376 390 397 384 366 370 377 394 423 423 408 398 393 394 395 396 401 405 406 412 435 440 434 437 426 425 428
298 322 326 355 342 328 328 326 327 326 338 331 348 348 337 330 331 336 337 344 373 358 345 347 354 365 366 368 361 352 364 360 355 356 360 369 369 366 383 380 382 372 379 378 378 398 386 391 404 420 418 435 418 438 417 388 394 421 420 405 403 383 401 411 392 354 352 345 347 350 353 360 376 401 417 400 410 431 445 439 447 423 417 432 439 443 446 426 409 411 412 415 417 422 430 436
295 322 321 342 343 320 319 316 316 329 342 325 346 337 330 325 327 334 335 341 364 348 344 346 347 359 365 366 351 347 351 347 350 352 354 359 359 378 380 372 379 364 375 376 373 394 380 391 413 402 408 433 414 423 408 389 391 397 398 392 395 380 398 390 375 345 340 351 355 362 367 383 385 426 429 421 421 454 466 477 474 449 422 447 455 470 475 460 438 420 424 425 424 434 439 455
289 306 314 320 327 316 311 310 308 326 331 313 327 320 317 317 320 334 333 341 342 338 332 340 346 340 342 346 341 334 333 337 340 347 350 363 373 357 367 358 356 363 369 366 381 386 373 393 401 392 407 404 402 413 422 385 372 369 368 372 377 375 402 381 348 342 367 387 377 411 421 425 432 429 435 456 465 500 512 516 511 471 445 462 472 499 508 499 464 475 497 470 484 476 489 484
287 306 311 316 320 321 307 306 305 314 320 306 316 312 315 313 324 333 332 329 333 330 321 335 337 334 335 341 333 330 331 341 342 354 355 372 365 349 362 350 348 356 361 369 376 374 369 395 393 390 404 398 399 412 426 387 377 363 360 364 367 380 400 355 335 350 365 391 395 414 435 446 451 451 448 467 488 513 524 521 498 455 470 475 482 515 522 495 487 478 513 495 511 501 524 513
285 306 291 314 300 316 301 299 298 296 296 294 297 314 305 308 311 307 309 325 324 318 324 324 315 323 334 328 326 328 336 343 330 337 353 353 357 336 338 340 343 351 355 356 356 360 367 392 382 379 379 383 385 404 423 430 402 361 355 368 387 368 375 327 329 360 364 382 399 428 440 464 476 482 490 502 504 527 528 497 493 509 529 523 521 541 543 523 530 515 540 547 541 549 567 527
299 306 286 308 291 319 301 295 294 293 291 292 304 308 301 303 303 306 309 315 316 314 325 318 309 325 318 327 322 322 330 338 325 343 350 343 355 332 332 341 345 362 365 349 351 366 376 384 382 370 371 375 384 412 418 427 410 362 352 356 370 360 357 325 330 360 372 394 407 435 446 469 477 490 496 490 489 525 523 517 520 526 541 538 539 543 539 540 543 540 555 561 559 571 578 540
309 292 280 288 289 312 305 300 288 286 285 295 303 294 294 295 296 301 305 310 307 315 311 309 302 304 306 329 317 316 316 316 321 330 332 327 333 326 329 358 344 350 347 343 356 347 347 371 369 357 360 380 379 390 400 396 410 385 358 341 342 369 348 322 327 362 368 393 406 428 437 432 445 465 459 486 497 502 511 529 526 514 509 536 520 511 499 518 531 555 567 577 582 588 587 583
304 291 277 279 294 308 306 298 288 283 282 290 293 292 291 292 294 306 311 307 305 309 305 302 299 300 307 330 316 313 313 316 332 321 319 322 324 324 327 349 339 339 337 346 357 340 344 362 369 353 356 370 367 386 391 395 389 383 365 338 336 360 338 320 327 362 374 385 398 416 420 430 440 444 461 486 487 496 508 524 509 485 513 521 502 489 480 521 530 547 563 578 585 589 590 593
297 285 271 288 296 299 299 287 279 277 276 276 285 283 284 288 293 297 298 304 295 293 290 291 297 320 325 312 307 308 308 320 324 318 312 313 315 318 321 330 323 327 329 337 332 329 335 357 354 345 355 353 355 370 368 373 365 374 371 341 333 327 325 317 318 344 356 376 383 419 403 403 437 464 476 452 467 504 489 476 460 457 477 482 455 458 469 500 513 531 537 568 550 562 571 566
292 283 269 290 290 293 294 279 275 274 274 274 286 281 282 286 289 296 304 307 294 288 287 291 303 318 319 304 305 305 308 318 329 312 308 311 312 315 321 332 322 324 334 326 325 328 343 346 347 343 352 347 351 358 357 359 364 368 379 350 336 327 322 316 315 338 347 364 376 413 398 405 427 457 462 455 475 496 482 456 444 454 478 465 438 468 479 520 528 544 546 558 537 534 538 552
280 265 263 269 275 278 276 269 269 269 268 270 273 276 278 292 290 283 291 288 285 284 294 307 309 301 300 299 300 302 304 314 313 305 302 305 306 314 325 314 314 320 328 316 318 329 327 331 334 343 338 337 342 347 347 347 354 361 370 374 368 330 322 313 311 323 332 359 380 361 353 399 413 446 441 458 463 454 462 432 423 460 445 422 433 480 496 523 525 535 546 518 497 505 528 557
277 261 261 270 280 269 267 266 266 266 265 269 271 275 277 284 281 277 286 281 281 291 299 303 304 295 294 296 300 298 309 306 305 298 300 303 304 311 324 311 311 320 315 315 314 319 323 336 330 330 328 331 335 345 339 355 358 357 364 371 371 334 321 313 309 316 329 354 357 344 367 408 427 429 428 449 453 449 448 410 434 434 422 424 434 463 483 519 509 520 541 494 470 511 541 565
263 255 268 274 273 261 257 260 261 260 262 266 268 274 284 271 272 271 273 273 280 291 292 290 290 288 289 292 291 303 296 296 297 293 295 297 298 314 303 304 305 306 308 308 313 337 348 330 318 315 319 324 329 329 334 337 343 353 359 363 362 333 321 312 305 308 317 328 335 369 386 402 400 399 415 424 428 442 413 427 436 395 412 468 479 498 499 505 483 502 522 474 452 531 536 521
