data/landfire_maria_fire/ELEV2020.asc
ncols        434
nrows        438
xllcorner    -2099595.000000000000
yllcorner    1481955.000000000000
cellsize     90.000000000000
NODATA_value -9999
[rows 308 to 351 of 438, columns 192 to 287 of 434]
84 81 80 78 78 77 77 77 77 75 73 56 64 70 70 70 71 73 74 69 66 59 57 50 50 47 48 46 46 46 46 44 46 47 48 65 71 79 76 52 52 62 68 69 66 67 69 71 72 73 73 73 74 72 72 72 72 74 75 77 79 83 85 88 91 93 95 95 94 93 94 94 96 100 101 101 102 108 109 123 126 122 115 122 122 125 124 121 120 121 123 126 128 130 132 135
83 79 78 75 76 77 77 78 77 75 74 54 60 68 68 65 64 62 60 56 54 51 50 47 45 45 45 45 45 45 43 46 46 46 51 73 83 79 73 50 53 55 56 58 60 68 68 72 74 75 75 74 72 70 71 70 69 70 71 75 76 80 81 85 86 88 88 93 95 91 91 91 95 98 99 96 97 102 104 108 109 112 107 107 109 111 111 112 112 114 116 121 125 126 127 129
81 78 77 73 74 77 77 77 77 74 73 58 53 65 64 61 61 59 54 52 52 46 45 43 44 44 45 45 45 43 45 45 46 50 55 71 84 77 75 53 54 55 55 56 57 60 62 67 70 72 72 72 72 70 70 70 69 69 69 73 75 78 79 83 84 86 86 89 92 92 87 91 94 98 98 94 94 99 99 99 101 105 103 102 102 106 106 109 109 112 113 120 126 123 126 126
75 72 70 58 66 73 76 73 72 71 69 48 44 43 43 51 55 46 43 41 41 41 41 42 42 43 44 44 44 44 45 45 45 52 55 64 66 75 68 51 54 55 55 56 56 57 57 58 59 60 60 61 61 63 64 64 66 67 67 70 71 74 75 79 80 81 81 84 87 90 89 79 82 97 96 87 88 87 87 89 91 95 96 94 93 96 100 102 103 107 107 112 114 118 118 123
72 68 67 55 54 56 60 71 70 62 52 42 41 42 41 41 41 40 40 41 41 41 41 42 42 43 44 44 42 44 45 45 45 50 54 65 63 81 87 53 53 55 55 55 56 56 57 58 58 59 60 60 61 61 62 63 64 65 66 68 70 72 74 77 78 79 79 81 83 85 84 76 77 86 85 84 84 83 83 87 89 93 93 92 91 94 96 100 102 104 105 109 122 135 133 138
42 47 47 43 41 40 40 39 38 38 38 38 38 39 39 39 40 40 40 40 40 41 41 40 41 43 43 39 40 44 44 44 46 52 54 91 89 81 90 70 51 54 55 55 56 57 57 57 57 57 57 59 60 61 59 62 63 63 64 65 66 69 71 73 74 75 74 73 72 71 72 72 72 75 76 79 79 79 80 83 85 87 88 86 87 90 92 96 97 99 100 104 110 128 130 134
38 38 39 39 38 37 38 37 37 37 37 38 38 39 39 39 39 40 40 40 40 40 38 39 38 39 39 40 43 48 47 45 51 54 62 99 110 107 102 71 60 55 55 56 56 57 57 58 58 59 60 61 61 62 62 62 63 64 64 65 66 68 69 72 73 73 73 71 70 70 70 71 71 73 75 76 76 77 79 81 82 83 83 84 85 88 90 94 95 97 97 97 99 106 106 115
36 36 37 37 36 37 37 37 37 37 37 37 37 37 39 39 39 39 39 40 39 38 41 56 45 50 63 49 44 65 75 48 48 57 58 101 136 146 142 123 106 102 84 56 56 57 57 58 58 59 60 61 61 62 62 63 64 63 64 65 66 67 67 69 69 70 70 70 70 70 71 70 71 71 71 72 72 74 75 78 79 79 79 81 82 84 86 90 91 92 92 92 91 91 93 97
36 36 36 36 36 36 36 36 36 37 37 37 37 37 38 38 39 39 39 38 37 40 43 74 55 54 80 66 51 60 86 69 61 54 60 113 145 154 160 141 117 119 102 57 56 57 57 58 58 60 60 61 61 62 63 63 64 62 65 65 66 67 67 68 68 69 69 70 70 70 70 70 70 70 71 71 71 72 73 75 76 77 78 79 80 83 84 87 89 89 90 89 89 91 91 92
36 36 36 36 36 36 36 36 37 36 36 37 37 37 38 38 38 38 37 39 40 58 82 93 66 62 101 104 75 62 62 106 117 60 52 72 83 120 156 153 141 141 109 63 57 57 57 58 59 71 61 61 62 63 63 64 65 65 62 66 66 67 67 69 69 70 70 70 70 70 70 70 71 71 71 71 71 72 72 73 74 75 75 77 78 80 81 83 84 86 86 87 88 89 90 91
36 36 36 36 36 36 36 36 36 36 37 37 38 37 37 38 38 36 37 39 45 67 90 80 59 67 97 114 99 72 74 93 118 69 55 68 76 125 158 177 168 132 102 66 62 57 57 58 58 70 61 62 62 63 64 65 65 66 62 66 66 67 67 69 69 70 70 70 70 70 70 71 71 71 71 71 72 72 72 73 74 74 75 76 77 79 80 82 83 84 85 86 86 88 89 90
36 36 36 36 36 35 36 37 37 37 37 37 37 37 37 36 36 38 39 45 71 102 110 76 81 94 110 140 112 112 125 112 119 76 81 74 71 96 115 180 165 96 82 70 63 71 69 66 66 67 62 62 63 64 64 65 66 66 65 67 67 68 69 69 67 68 70 70 70 71 70 70 71 74 76 76 74 73 73 73 74 75 75 76 77 79 80 81 81 82 84 86 86 87 88 89
36 36 36 36 35 36 37 37 37 37 37 37 37 37 37 36 38 38 38 49 77 107 118 90 91 114 132 148 128 134 145 124 137 86 103 93 73 91 111 184 172 100 86 68 71 87 87 77 78 83 65 62 63 63 64 65 66 68 74 66 66 68 69 67 69 70 69 70 70 70 70 71 75 82 84 83 81 77 73 74 74 75 76 77 77 79 80 81 80 83 84 85 86 87 87 88
37 36 36 36 36 36 36 36 37 36 37 36 37 35 37 37 38 38 40 62 68 109 126 126 108 99 122 171 183 197 177 147 171 126 109 119 101 110 136 171 182 141 117 87 94 138 142 117 127 110 85 77 69 71 67 66 66 95 119 93 70 75 84 87 95 78 70 71 71 71 72 90 99 107 107 104 115 91 84 79 79 77 78 76 75 78 79 80 80 83 82 84 85 85 86 87
37 36 36 36 36 36 36 36 36 37 37 36 35 37 37 37 38 38 39 79 89 108 130 131 112 117 121 176 205 210 180 164 190 146 132 131 124 98 124 168 182 159 119 117 116 158 169 142 150 124 99 85 84 90 74 68 67 112 135 104 84 105 106 107 113 74 71 71 71 72 80 116 129 127 125 121 128 96 94 97 95 97 96 87 85 79 80 80 80 82 82 83 84 85 85 87
36 36 36 37 37 37 37 37 37 37 35 35 36 37 37 37 37 42 45 85 120 146 154 147 151 150 137 185 216 210 186 195 212 189 168 155 174 131 120 160 190 175 131 165 172 181 205 206 211 152 125 121 129 105 82 73 71 107 128 150 144 162 145 99 87 70 71 72 72 81 97 151 187 181 173 173 164 133 137 139 140 140 133 114 97 78 79 80 81 82 82 82 83 84 84 85
36 37 37 37 37 37 37 37 37 34 34 36 36 37 37 37 37 45 50 88 128 162 164 163 174 149 146 198 221 223 195 195 219 209 193 159 187 158 151 151 199 175 162 176 196 192 217 240 224 156 140 150 151 99 90 90 84 93 118 164 173 178 151 117 91 72 69 72 72 83 102 162 200 214 210 201 179 155 152 145 140 134 139 104 83 78 78 79 80 81 81 83 83 85 85 88
37 37 37 37 37 36 37 36 34 36 36 36 36 36 36 37 42 58 65 97 130 184 189 200 190 168 183 210 233 235 214 192 222 257 239 185 202 219 205 155 180 210 221 218 241 226 237 271 262 208 188 166 133 135 135 134 131 130 152 182 199 198 183 118 85 73 73 71 74 99 117 193 226 250 226 192 180 145 141 129 114 92 89 83 82 80 80 81 81 82 83 117 105 94 99 137
37 37 37 37 37 37 36 34 35 36 36 36 36 36 36 41 51 79 87 102 144 191 199 212 197 192 212 241 253 220 209 200 218 267 255 203 208 228 221 174 164 208 239 239 247 243 252 286 276 223 208 162 153 151 152 159 159 135 162 187 198 188 163 118 114 82 75 72 74 118 141 190 223 241 225 189 185 170 173 159 140 93 87 84 83 81 81 82 84 84 87 133 123 109 108 157
37 36 36 37 37 34 34 35 35 36 36 36 36 37 39 69 84 127 140 137 155 195 209 232 226 223 242 278 278 250 260 228 217 271 254 252 241 250 242 195 173 227 244 273 273 273 278 287 269 247 224 213 203 198 195 202 205 176 150 180 204 198 183 163 158 111 116 74 71 136 164 217 229 239 233 228 233 225 220 182 139 94 89 87 87 89 88 88 89 90 98 163 152 168 156 178
37 36 36 37 35 38 50 35 35 36 36 36 36 38 39 72 101 153 164 170 174 207 207 208 217 202 211 254 281 276 283 231 226 280 282 271 251 255 259 207 181 248 269 277 290 292 299 304 291 248 220 229 226 229 221 217 212 180 175 184 211 209 192 182 180 138 128 74 70 133 172 224 239 248 243 235 240 222 213 184 138 93 91 89 92 92 93 91 92 94 107 175 169 191 182 190
37 38 36 33 36 60 80 38 36 36 36 37 38 40 41 59 83 107 124 192 219 177 152 154 162 147 155 205 221 289 281 238 242 290 317 288 268 288 278 215 193 201 218 272 304 324 343 349 329 255 261 274 272 264 265 229 215 230 211 182 219 224 223 221 215 183 138 74 72 103 142 224 252 241 224 188 196 195 174 121 105 98 100 106 107 108 106 107 107 106 123 203 213 221 233 237
37 35 33 36 36 63 84 46 37 36 37 38 39 40 42 49 61 87 110 169 184 162 135 121 130 127 138 180 207 260 258 247 250 278 302 292 292 294 271 207 217 221 217 258 284 315 335 349 323 274 283 290 286 282 276 238 243 245 214 188 221 232 227 217 214 171 127 73 74 109 142 235 244 231 203 156 155 152 140 109 102 110 118 129 131 120 118 122 118 117 127 213 225 244 255 260
32 47 48 48 60 95 112 78 51 38 38 40 41 42 43 47 51 76 86 112 114 113 108 91 94 122 145 188 213 197 212 268 283 313 326 328 323 272 245 247 277 294 279 251 270 315 332 355 345 330 332 326 327 320 298 290 277 226 203 216 246 232 209 167 152 118 100 73 78 120 154 247 231 175 156 130 125 119 120 125 130 147 172 193 177 159 162 166 150 156 165 190 214 265 285 296
35 58 70 66 74 114 129 87 54 38 39 41 42 44 44 47 49 57 64 85 90 92 88 85 92 116 132 179 194 177 206 255 277 315 320 307 314 277 248 267 291 324 302 277 293 337 346 339 338 344 351 343 341 330 320 300 277 228 217 220 249 245 209 182 164 98 85 72 78 138 167 239 215 163 147 143 128 135 136 144 154 166 189 231 204 183 191 185 173 183 199 222 230 257 282 307
34 37 40 70 81 121 126 73 58 40 40 43 44 46 47 49 50 55 58 63 66 71 74 95 105 135 156 173 159 174 193 219 227 265 248 242 256 271 258 281 308 339 324 322 319 296 307 277 274 297 311 285 275 291 296 280 271 244 227 229 248 263 223 158 130 106 81 74 81 126 155 223 208 160 178 153 147 165 169 191 207 236 238 304 269 262 274 233 233 255 293 285 289 298 315 318
34 35 37 55 61 110 127 87 67 41 41 43 45 47 48 50 51 55 57 62 64 71 76 103 113 146 160 157 143 184 199 192 222 248 224 221 241 276 276 302 321 332 319 310 299 270 273 255 254 269 275 261 255 260 269 261 250 231 228 248 272 287 246 175 140 96 84 74 81 120 151 215 195 169 184 157 164 183 184 216 241 273 273 326 313 324 311 264 268 306 317 309 309 321 325 301
34 35 37 55 75 110 116 80 58 43 43 45 47 49 50 52 53 54 59 61 63 71 80 117 130 169 171 133 130 148 156 205 228 216 204 216 242 245 249 262 279 288 272 264 261 238 237 227 228 230 230 226 226 224 227 250 266 266 265 281 299 251 228 162 132 96 83 74 82 123 164 233 218 224 214 185 200 215 213 253 280 304 308 306 297 282 277 275 277 282 287 271 262 259 256 249
34 35 35 50 66 90 92 86 66 44 44 46 47 50 51 53 54 55 60 60 62 73 89 138 150 163 171 131 122 150 172 214 220 192 183 212 236 222 238 242 275 283 262 247 247 225 225 218 220 218 217 211 215 211 216 240 258 279 275 291 287 229 198 156 130 95 84 75 83 138 171 248 250 246 224 211 214 219 218 250 263 274 274 273 268 259 256 252 253 255 255 247 242 238 237 235
33 34 33 36 40 47 48 58 71 50 46 47 48 51 53 55 56 57 58 60 62 80 115 150 131 147 151 112 121 180 207 178 184 154 170 205 204 202 199 246 270 285 274 236 223 215 209 206 204 201 199 194 199 197 198 217 231 242 247 263 249 213 187 134 110 89 82 78 88 131 166 258 272 264 256 231 228 221 221 226 230 237 238 237 234 229 230 227 226 225 223 219 219 216 214 215
34 34 34 34 35 42 45 50 56 55 53 49 49 52 53 56 57 59 59 62 63 83 120 142 118 145 140 109 127 192 200 158 158 145 162 180 181 188 198 233 265 278 268 235 223 213 209 200 199 196 194 189 193 191 192 208 215 222 235 225 215 187 164 119 101 83 78 80 89 132 170 245 248 225 233 224 216 218 218 220 222 227 227 226 224 219 220 217 219 217 216 216 213 211 211 211
33 33 35 35 35 37 40 43 47 55 68 68 70 57 56 57 59 61 62 64 66 74 98 121 103 120 104 123 154 164 149 125 134 158 164 177 189 207 220 247 258 254 241 231 224 207 202 198 194 191 185 173 175 183 179 187 194 205 207 190 172 122 122 86 77 79 79 99 119 179 198 211 189 159 171 161 152 206 208 216 219 222 219 215 212 208 208 207 209 210 207 213 213 204 203 203
34 35 36 35 37 39 40 43 45 52 59 77 88 67 62 62 62 62 63 66 67 72 86 112 98 102 96 131 148 138 125 130 152 181 182 177 180 205 226 242 239 259 245 219 214 204 201 194 194 185 176 165 161 180 170 185 191 201 200 196 184 113 100 82 76 81 93 126 155 197 200 198 178 142 160 133 149 162 161 221 225 226 222 212 210 204 204 202 210 211 205 214 216 204 202 202
34 35 36 37 39 44 44 46 49 63 66 84 92 87 86 101 85 69 68 75 70 73 76 88 87 89 91 101 101 120 137 165 177 179 165 170 189 185 200 194 213 263 246 217 211 211 203 199 194 184 184 181 168 122 131 149 166 189 177 138 145 111 89 81 78 94 112 118 140 168 175 170 153 117 122 106 124 109 130 190 195 204 208 202 215 207 203 193 203 198 194 210 206 194 195 200
34 34 35 38 39 46 46 47 50 79 79 87 94 104 109 117 92 76 78 97 82 73 76 81 83 88 90 99 112 144 164 174 166 155 147 162 169 167 173 196 223 249 234 215 217 216 207 216 209 185 180 158 138 115 111 128 152 160 154 116 120 101 86 81 80 79 88 115 144 156 156 155 132 109 97 96 101 98 117 159 181 179 180 177 192 198 193 198 199 185 197 197 189 172 192 198
36 36 37 39 39 43 44 49 50 68 73 77 85 111 128 127 114 113 122 102 83 86 82 81 87 114 98 110 132 154 151 136 128 134 155 155 159 180 193 238 242 226 220 212 213 209 206 213 201 173 162 154 163 156 124 107 112 107 104 93 88 84 83 88 82 81 78 92 97 143 149 111 105 91 91 139 137 119 105 111 131 133 139 165 149 190 186 181 197 179 153 144 146 157 173 179
38 37 38 40 41 41 42 46 51 59 62 81 94 107 111 137 142 137 134 92 88 116 108 83 88 117 108 98 110 132 129 118 122 133 152 180 172 188 198 240 235 226 220 217 223 220 208 197 196 173 148 134 133 143 128 100 100 94 91 87 86 87 88 91 86 82 80 85 94 139 144 105 95 90 99 167 167 123 113 104 118 113 116 140 134 187 181 169 189 172 150 152 161 163 158 181
48 48 48 44 45 46 48 48 48 60 74 103 98 84 99 120 132 139 121 118 117 127 127 94 91 109 127 103 107 107 112 142 161 193 174 196 216 233 241 258 248 218 210 193 201 212 216 209 191 170 182 141 127 106 108 126 105 112 106 109 108 148 135 108 130 101 80 82 84 98 107 90 89 108 128 181 186 145 127 107 111 148 145 132 118 168 154 156 161 136 153 185 191 194 194 196
74 59 61 57 50 49 51 52 51 58 72 100 91 81 85 114 132 134 138 145 145 144 151 109 101 121 134 118 130 110 118 133 148 212 199 181 222 232 265 274 265 231 210 197 188 196 205 205 198 188 175 128 114 125 132 144 136 128 126 141 136 165 136 126 146 109 80 83 83 86 86 89 90 121 141 188 194 169 138 139 156 204 200 171 136 162 150 143 147 137 155 185 193 193 195 197
124 101 95 118 97 80 66 64 60 59 57 66 68 76 80 114 140 135 149 181 184 181 173 172 170 166 162 166 164 127 144 146 182 222 235 189 205 274 301 292 272 228 226 208 207 180 167 168 173 161 157 123 128 182 184 195 190 183 187 190 193 178 165 182 160 95 81 83 84 86 86 97 121 117 145 177 178 203 202 230 246 240 225 191 164 132 128 140 140 137 136 151 166 188 196 198
139 143 144 146 135 94 78 80 76 61 61 62 66 74 83 118 145 145 153 181 195 216 212 177 179 186 188 187 165 139 155 155 177 249 244 215 208 275 304 267 262 252 235 229 220 183 170 152 147 138 135 120 135 180 191 195 195 194 195 195 195 177 171 194 170 114 89 82 84 87 87 113 135 128 154 181 191 220 237 253 253 230 219 203 174 139 149 159 162 147 150 139 144 196 196 196
200 195 198 198 183 128 128 106 99 76 73 67 65 77 91 122 134 158 166 201 216 264 268 237 236 247 238 202 204 193 194 209 195 237 266 260 257 274 308 329 326 279 244 240 234 211 202 171 159 173 145 144 127 141 159 166 185 194 194 193 194 196 183 200 198 177 149 96 87 87 91 88 114 150 149 184 198 245 246 215 217 208 210 211 211 215 218 199 190 182 181 157 149 187 184 169
235 226 224 229 198 167 147 119 111 92 82 89 74 85 100 134 153 162 173 212 228 284 285 249 255 276 257 212 210 215 219 229 227 244 277 286 287 298 310 345 335 278 256 264 256 228 217 179 173 166 144 147 132 133 139 167 169 195 194 193 194 198 197 198 197 186 169 121 109 101 116 86 96 157 168 187 197 231 235 205 203 203 211 213 215 225 230 210 212 188 177 152 142 163 164 164
330 301 297 264 232 176 170 146 162 143 123 135 122 95 118 142 152 169 192 232 247 297 299 266 266 280 286 263 263 254 252 264 245 243 246 257 292 327 332 349 358 313 303 332 292 235 213 201 184 167 181 163 146 173 166 147 147 192 194 194 194 197 198 197 197 185 191 174 157 155 162 111 88 113 127 181 187 217 221 193 185 198 200 210 214 225 227 223 223 196 186 163 164 157 172 187
