data/landfire_maria_fire/SLPP2020.asc
ncols        434
nrows        438
xllcorner    -2099595.000000000000
yllcorner    1481955.000000000000
cellsize     90.000000000000
NODATA_value -9999
[rows 268 to 334 of 438, columns 288 to 383 of 434]
0 1 1 1 1 1 1 1 1 1 1 1 1 1 1 1 1 1 1 2 2 0 1 1 1 1 1 0 0 0 1 2 1 1 1 1 1 1 1 1 1 2 1 4 3 5 3 5 5 13 19 2 2 1 2 7 8 29 28 25 30 3 4 1 1 6 5 3 5 4 2 2 0 1 1 1 2 16 13 3 2 5 5 10 5 30 41 15 36 38 49 34 35 33 34 36
1 1 1 1 1 1 1 1 1 1 2 1 1 0 0 3 1 0 0 1 0 0 1 1 0 1 2 0 0 1 1 1 1 1 0 1 1 1 1 2 1 1 1 2 2 1 1 2 1 3 6 6 4 2 4 2 3 3 5 12 11 4 2 7 5 13 8 1 1 5 4 1 1 1 1 0 0 0 1 2 1 5 1 1 4 10 7 13 14 20 16 15 18 26 23 14
1 1 1 1 1 1 1 1 1 1 2 1 1 0 0 0 1 1 2 2 1 1 2 1 1 1 1 0 0 1 0 1 1 1 1 1 1 1 1 1 1 1 1 1 3 1 1 1 1 2 2 2 4 4 2 3 3 5 3 2 2 2 2 4 8 15 2 1 2 2 0 2 3 2 2 1 1 1 2 5 3 3 2 0 1 26 21 13 7 16 19 26 25 7 30 23
1 1 1 1 1 1 1 1 1 1 1 1 1 0 1 1 1 1 0 2 1 0 0 0 1 1 0 1 1 1 2 1 1 1 1 1 1 1 1 0 1 1 1 2 2 1 1 1 1 2 0 2 3 5 19 21 20 10 8 2 2 2 4 1 1 3 3 3 1 1 5 19 8 15 15 9 10 16 20 25 30 1 1 3 0 1 6 16 13 15 11 4 10 5 23 6
1 1 1 1 1 1 1 0 1 1 0 1 1 0 1 0 1 1 1 2 1 1 1 2 2 1 0 1 1 1 1 1 2 1 1 2 1 1 1 1 1 1 1 2 0 1 1 1 2 1 0 0 0 4 26 8 3 38 2 9 5 5 5 3 3 1 2 2 1 4 15 17 8 12 13 28 30 15 23 15 23 3 0 4 1 1 2 25 15 2 10 8 6 4 12 15
1 1 1 1 1 1 1 0 1 0 1 0 1 1 1 0 1 1 1 1 1 2 1 4 3 0 1 1 1 1 1 1 1 1 0 2 1 1 1 1 1 1 1 2 0 1 1 2 2 0 1 0 0 3 28 6 0 21 30 1 0 1 1 2 3 6 2 3 5 19 13 9 16 4 12 28 41 43 31 35 30 33 11 0 1 0 1 7 27 20 11 9 12 22 4 9
0 1 1 1 1 1 1 1 1 0 1 1 1 2 1 1 0 1 1 1 1 1 1 2 1 1 1 1 1 1 1 0 1 1 1 1 1 1 1 1 1 1 1 1 1 1 1 4 5 0 1 0 0 3 28 4 5 9 32 1 2 2 2 1 1 5 1 6 8 15 21 16 9 14 15 28 28 55 23 20 21 32 23 1 1 2 1 2 11 5 3 3 5 19 18 21
3 1 1 1 1 1 1 1 1 1 0 0 0 1 1 1 3 2 1 1 2 4 3 2 5 5 3 3 1 1 1 1 1 1 1 1 2 2 2 1 1 1 1 0 1 0 1 6 1 0 1 8 15 11 8 12 6 26 21 37 38 22 15 24 43 20 7 10 15 19 22 34 39 19 19 24 27 33 25 14 13 13 17 4 2 1 1 3 2 7 5 4 5 10 8 32
3 1 1 1 1 1 0 1 1 0 1 1 1 1 1 4 1 1 3 2 1 4 5 2 2 1 0 0 5 1 1 1 1 1 1 1 1 3 1 2 1 1 1 1 1 1 0 6 1 3 7 5 7 13 15 8 8 8 3 18 23 35 29 22 38 44 20 17 21 20 20 29 52 12 23 26 28 46 29 21 28 12 12 6 2 0 0 1 2 7 7 9 9 10 20 30
12 3 4 7 6 1 1 1 1 2 2 1 1 5 6 0 12 10 6 3 2 1 1 1 1 1 1 1 2 1 6 1 1 0 0 1 1 2 2 1 1 1 2 1 5 4 7 2 2 1 1 2 2 1 19 3 3 1 0 1 1 1 4 32 55 48 28 29 26 27 32 32 48 28 23 29 9 26 21 26 11 7 9 10 4 2 1 1 1 1 1 3 2 26 33 32
7 8 4 1 3 7 2 0 3 3 1 2 3 4 12 19 14 5 6 8 1 1 1 1 0 1 1 1 1 4 3 3 1 1 1 1 1 1 0 1 1 3 5 4 5 11 5 2 2 2 2 1 1 0 13 3 5 3 1 1 2 1 3 17 43 51 21 19 25 32 38 31 37 49 22 29 17 20 14 26 33 10 10 16 14 6 3 1 1 1 0 1 1 8 22 20
2 1 6 8 8 13 8 5 2 9 8 14 17 3 1 5 4 9 10 9 16 20 21 12 6 1 0 1 1 1 1 4 1 4 3 1 1 3 2 2 4 6 3 33 25 25 22 13 3 3 3 3 2 1 1 26 7 21 22 25 22 33 45 36 28 23 44 23 18 3 13 19 15 11 43 20 42 20 12 33 42 13 8 6 4 7 12 7 6 2 1 1 1 1 1 1
2 10 23 28 19 28 27 17 22 18 8 16 4 3 3 5 1 0 1 0 2 3 1 10 16 12 3 1 1 1 2 11 10 1 4 2 4 3 3 17 30 18 4 26 10 10 6 17 6 3 3 1 1 1 1 31 6 25 21 35 42 27 45 49 37 23 15 18 5 19 5 35 25 25 10 21 49 24 18 29 43 11 13 5 5 5 7 6 6 3 1 1 1 1 1 1
1 37 22 6 8 4 4 2 1 0 1 1 1 2 1 2 2 1 2 3 3 2 1 2 1 1 2 9 8 19 19 4 4 17 23 24 19 22 21 4 2 7 23 20 30 3 8 23 19 4 10 20 15 0 1 29 20 21 31 22 17 30 30 38 21 25 25 33 12 15 18 38 39 33 18 11 17 41 33 14 49 17 13 28 17 7 5 5 7 14 13 8 2 1 1 3
2 42 6 2 4 4 3 3 3 2 2 1 2 1 1 2 5 7 5 3 3 2 1 2 2 3 2 1 1 2 4 2 2 4 3 3 19 9 5 3 2 4 11 17 13 11 2 7 16 6 5 12 27 15 17 30 12 27 24 20 30 22 31 38 35 28 27 6 29 22 32 49 47 49 49 46 48 37 39 18 51 30 14 24 22 6 5 4 4 6 8 9 9 1 2 1
3 36 7 5 3 4 4 8 3 3 4 4 6 9 5 1 1 4 3 1 1 1 1 2 2 3 4 3 3 1 3 3 3 2 1 2 1 2 2 2 3 2 3 4 16 6 24 7 3 7 18 9 4 11 17 30 6 6 19 27 20 21 20 3 6 8 19 23 12 37 58 42 33 20 13 4 9 48 65 66 72 56 39 23 29 7 5 5 4 3 4 3 5 11 11 22
3 32 26 24 14 5 12 4 8 6 5 10 9 4 3 1 1 1 3 3 2 1 2 2 2 2 2 2 4 3 3 6 3 4 4 4 2 2 3 2 3 3 3 2 2 27 21 9 16 2 2 15 15 23 9 37 40 3 15 8 6 12 32 31 24 14 32 37 49 25 45 51 48 56 50 54 41 21 9 32 55 49 43 15 14 8 4 5 4 3 4 4 9 9 13 19
3 2 2 4 9 8 11 2 3 1 1 4 3 6 7 2 1 1 1 1 1 1 1 3 2 1 2 2 2 1 1 1 2 2 1 3 2 1 2 4 3 3 3 2 3 4 2 6 23 8 8 2 9 11 10 29 20 26 7 35 33 29 36 23 22 20 31 37 42 30 14 29 12 23 11 47 33 19 30 45 67 37 30 15 9 6 17 26 17 10 5 10 17 27 19 18
15 3 4 5 4 1 3 4 6 3 4 5 2 3 3 7 2 2 2 1 2 3 1 2 3 1 2 3 1 2 3 1 1 2 3 2 1 2 2 4 3 3 3 3 5 4 3 4 14 23 8 2 13 2 1 16 32 21 5 25 9 14 22 3 19 29 22 29 35 21 17 17 2 30 40 8 19 19 21 32 63 26 21 12 8 5 18 24 9 16 3 9 20 13 23 14
20 18 13 7 14 12 11 4 7 7 0 6 4 3 3 6 3 5 6 6 7 2 2 1 2 2 2 2 1 1 2 1 1 1 3 2 2 3 2 3 3 6 5 3 6 5 5 4 14 4 22 24 12 22 22 12 12 22 17 14 14 17 10 27 3 26 16 30 25 26 13 19 31 16 20 15 20 24 9 16 60 27 18 21 7 15 1 12 6 4 7 16 16 12 13 24
13 13 6 16 15 4 10 12 18 11 6 4 6 3 3 7 6 5 3 8 4 6 4 3 1 1 2 2 2 2 1 1 1 1 2 1 3 2 3 3 3 4 7 6 8 8 4 11 11 6 12 16 6 10 6 12 21 21 19 10 17 24 24 17 19 27 21 26 7 23 19 23 39 37 32 18 22 16 16 9 58 30 24 26 13 3 18 9 12 7 5 13 24 19 16 21
23 13 14 19 20 7 17 12 20 7 6 10 12 9 11 7 6 9 8 9 6 4 4 5 6 2 3 3 2 2 2 2 1 2 1 1 2 2 1 10 2 8 7 16 20 14 9 11 11 2 1 10 13 9 6 2 14 32 32 4 21 23 27 3 17 22 21 45 48 22 14 35 16 17 18 24 25 18 31 15 34 35 16 19 14 24 19 14 20 7 23 17 27 32 19 26
29 16 14 18 27 20 21 14 15 11 6 4 5 9 14 15 14 4 4 5 3 6 3 5 7 3 3 3 4 3 1 2 2 2 1 1 1 2 1 7 4 6 6 17 13 14 9 8 3 14 14 6 3 5 3 10 31 5 38 9 21 25 30 13 17 37 26 27 25 29 39 49 35 9 16 27 11 23 35 25 6 36 29 20 15 19 19 9 15 6 27 14 10 27 31 31
34 13 16 17 30 32 22 26 16 21 19 17 13 14 10 11 7 5 4 6 8 10 6 5 3 10 6 4 4 5 4 3 4 5 4 3 4 2 2 3 5 6 12 18 15 20 16 19 17 1 2 3 2 3 14 11 19 34 24 10 8 24 27 10 33 34 31 19 23 24 28 43 45 55 46 45 50 37 37 22 37 32 26 29 22 17 15 13 12 11 20 24 23 32 24 26
24 22 25 22 19 43 29 21 18 26 22 15 16 14 12 5 7 11 9 9 9 10 13 9 10 4 7 6 4 6 6 8 7 3 4 5 3 4 2 2 5 8 17 13 19 25 15 22 21 2 2 2 2 19 32 20 33 34 33 6 11 27 29 32 25 12 13 13 9 16 24 23 29 47 27 34 38 22 28 21 27 24 37 18 26 34 28 25 27 13 26 24 27 21 37 53
19 44 38 28 23 31 55 28 35 16 18 28 29 34 15 14 18 20 15 16 13 5 7 14 12 9 12 3 5 5 8 7 7 6 5 6 8 7 5 6 6 6 10 13 12 13 3 25 17 3 4 7 19 21 4 29 25 11 6 5 9 20 8 5 11 8 4 4 15 3 8 26 24 36 30 30 26 31 26 26 24 18 36 41 36 39 20 12 14 18 28 7 7 10 13 12
15 36 36 29 23 28 43 14 38 26 23 32 32 30 20 18 15 15 16 14 11 14 6 13 11 16 11 14 14 8 7 5 5 11 13 6 5 7 8 7 7 14 22 6 4 3 3 24 16 13 15 8 20 29 31 26 20 8 5 7 8 14 24 11 16 7 9 11 15 13 14 24 31 20 18 21 23 22 14 23 24 35 38 39 35 28 23 36 38 27 39 41 38 34 42 42
16 19 24 12 25 37 19 46 21 20 26 21 25 28 23 22 15 14 21 15 12 16 20 10 11 19 20 35 37 19 5 13 10 9 7 6 5 6 9 9 9 14 4 2 2 1 0 18 21 7 14 14 24 30 27 21 14 7 4 2 8 7 7 7 6 6 6 5 8 7 9 11 18 25 21 26 28 17 14 12 19 23 23 17 20 17 23 17 16 15 18 19 25 24 21 24
23 20 25 27 31 32 37 40 20 21 32 20 25 22 24 24 24 23 19 15 20 21 21 20 16 22 32 39 21 23 14 16 25 20 15 13 13 14 9 7 8 6 2 3 2 0 1 8 18 18 16 10 14 18 19 5 8 3 2 5 12 12 10 6 6 7 8 8 8 6 4 6 10 22 16 17 11 19 11 15 12 9 8 9 7 11 11 11 11 9 11 12 13 12 10 11
20 19 17 5 17 16 37 36 22 20 26 38 27 25 28 24 13 22 26 17 9 14 32 25 30 30 44 44 21 19 17 21 9 20 26 24 17 14 21 24 18 13 9 2 2 1 3 3 3 15 17 10 6 9 7 7 7 2 7 23 14 7 8 2 1 4 5 6 6 5 10 8 10 9 3 16 18 19 19 16 8 6 7 8 8 9 10 10 9 8 8 6 6 8 9 9
52 7 10 6 12 19 37 40 25 23 23 24 26 25 27 24 28 18 17 26 14 7 24 38 26 20 39 35 13 25 17 8 21 26 32 24 27 27 25 34 35 21 19 15 8 7 6 8 8 6 6 3 4 12 10 10 15 15 19 11 5 5 12 4 7 6 5 6 6 9 17 8 11 10 8 11 5 6 12 9 7 7 6 9 9 9 7 5 5 3 4 8 2 7 7 12
47 20 31 10 6 27 28 28 26 16 44 22 49 10 6 22 22 26 25 17 29 24 29 17 30 22 30 24 17 22 22 32 40 35 30 25 19 12 13 16 19 27 21 5 11 20 22 19 17 12 3 2 7 3 4 5 4 2 1 2 3 2 5 6 3 4 5 5 5 11 20 16 19 12 9 4 5 8 19 7 6 6 6 4 6 6 6 4 3 7 9 8 5 5 8 20
5 19 20 17 16 18 18 25 14 54 68 35 64 53 33 10 17 15 14 25 26 24 25 17 23 30 16 19 16 36 41 16 41 32 31 22 23 5 8 10 18 16 10 26 23 6 3 19 16 15 6 8 8 1 1 0 0 1 1 1 1 2 2 4 2 3 3 5 5 7 16 12 18 14 9 8 4 16 22 6 6 5 6 7 7 4 3 2 2 1 2 2 1 9 11 20
38 62 54 50 68 34 36 61 50 53 51 56 53 59 53 71 61 10 13 5 10 6 6 29 33 24 15 43 15 21 29 36 19 21 19 22 23 20 13 13 23 19 36 23 16 18 21 20 22 1 1 1 1 0 0 0 0 1 1 1 1 1 1 6 2 1 1 2 2 4 9 5 13 6 3 12 10 22 26 5 5 5 5 3 10 5 4 2 2 3 4 7 7 8 9 29
25 57 36 53 59 58 51 49 47 42 39 47 31 24 42 48 60 26 22 35 30 14 9 12 15 17 15 33 46 22 51 13 17 19 18 21 18 17 12 2 20 23 20 12 10 18 20 18 23 4 4 1 0 0 1 1 1 1 0 0 1 1 1 4 2 2 2 1 2 4 9 5 18 3 11 13 9 23 22 3 9 2 1 11 5 12 16 16 16 24 22 16 23 21 19 30
30 16 31 49 33 43 38 40 47 29 24 34 26 24 19 30 32 35 31 37 29 22 27 30 36 29 34 29 38 58 21 27 13 10 18 16 15 18 17 18 24 19 7 4 3 11 23 27 9 1 2 3 2 1 1 1 0 0 0 0 0 0 0 1 3 3 1 2 1 4 4 7 15 16 17 34 29 15 6 11 6 6 5 3 2 15 21 13 25 25 23 26 27 30 35 37
28 17 9 31 28 30 17 34 32 25 28 29 24 13 21 19 20 17 24 47 47 13 29 25 27 30 28 22 26 45 23 11 13 23 15 29 24 26 26 29 26 15 9 3 2 13 19 15 1 2 2 3 3 2 2 2 1 1 1 1 1 0 0 1 1 1 2 2 1 1 1 11 25 16 5 12 11 8 10 10 14 2 4 7 5 9 21 27 28 16 20 26 28 32 34 34
21 28 25 38 35 32 19 15 13 8 11 11 13 24 23 24 21 11 13 35 55 15 33 17 23 16 53 14 20 44 44 17 7 12 32 12 14 21 7 13 22 26 11 3 1 1 2 5 2 1 0 0 1 1 1 1 1 0 1 0 1 0 0 1 1 9 5 9 1 1 2 12 19 3 12 14 17 11 12 10 11 27 32 24 21 18 9 13 8 44 43 27 20 34 31 23
11 8 8 11 9 9 8 9 14 14 9 7 7 15 20 23 10 12 13 40 44 30 25 36 8 32 33 39 32 10 13 32 23 12 26 18 23 23 27 22 28 23 10 4 5 1 3 4 1 0 0 0 1 1 1 1 1 0 1 1 1 0 1 1 1 17 12 6 0 5 10 13 8 11 13 13 17 18 30 24 27 19 23 32 31 33 19 30 33 13 16 45 33 21 5 15
7 8 7 8 7 9 9 7 9 13 15 12 8 4 25 20 7 12 14 18 21 26 10 27 30 53 27 44 59 6 30 24 11 20 12 26 17 23 26 20 22 10 3 3 10 1 5 1 0 0 0 0 2 6 6 1 2 2 2 1 1 1 1 1 5 3 9 4 6 16 17 15 10 8 23 30 15 18 23 13 13 19 12 16 15 11 30 36 28 37 46 37 29 31 27 6
7 7 7 6 5 7 7 7 6 9 13 17 13 4 23 31 10 26 22 20 25 49 47 54 39 20 7 34 33 28 4 57 49 67 52 21 24 32 31 34 32 6 7 8 12 1 6 1 1 0 0 0 1 8 1 1 2 2 2 2 2 4 6 3 9 7 3 6 5 19 14 6 12 5 12 8 5 29 26 5 6 15 10 10 12 11 27 41 26 31 48 19 36 39 31 18
5 6 7 5 4 4 4 7 7 8 9 13 16 14 25 23 41 27 11 66 72 31 12 10 18 5 14 15 7 5 27 49 42 31 11 19 13 14 12 10 8 10 19 27 14 2 4 0 0 1 1 0 1 3 2 1 1 2 2 3 4 3 3 9 2 1 1 4 15 30 15 16 15 1 1 10 15 28 16 13 9 11 10 12 14 12 23 29 26 11 38 54 47 29 46 22
5 5 4 3 3 3 3 5 3 5 6 9 11 22 12 37 22 61 72 68 23 9 5 9 15 19 16 11 9 10 9 35 45 47 49 5 5 2 2 7 7 13 13 12 6 2 1 3 2 1 1 0 1 2 2 3 2 0 1 1 1 4 4 3 5 1 2 14 21 30 13 11 12 1 1 24 25 20 14 14 10 12 14 15 14 10 14 19 23 22 21 49 53 13 35 21
9 9 6 2 2 8 8 5 8 9 5 11 11 7 14 56 62 18 5 1 9 6 9 7 2 4 6 1 6 12 15 16 9 4 8 35 26 8 13 17 21 16 14 12 15 14 2 2 3 2 2 1 1 1 1 0 1 1 2 2 2 2 2 2 6 7 4 13 13 6 4 7 3 2 15 33 13 25 31 34 29 7 12 13 6 8 11 31 28 23 24 10 32 43 31 23
14 8 7 6 6 7 7 7 5 11 10 13 7 9 5 42 22 21 16 22 23 11 23 16 6 4 4 7 8 10 13 28 22 8 1 30 37 16 8 11 10 7 8 16 14 13 15 10 8 1 3 2 2 1 1 0 2 2 2 2 2 2 2 1 3 3 5 20 19 7 9 4 4 6 28 7 29 9 7 23 39 31 13 13 5 5 8 26 23 16 22 5 19 34 27 14
11 19 25 14 9 7 5 18 12 12 26 16 17 32 14 46 46 49 52 50 39 38 28 19 33 23 22 16 14 16 20 29 35 42 43 15 11 43 40 6 7 4 3 5 9 5 3 2 2 1 2 2 2 3 5 6 5 7 11 5 2 2 3 13 13 17 26 19 10 3 13 1 16 23 16 22 7 39 28 38 42 27 27 12 21 17 15 21 14 20 8 4 27 26 37 26
30 32 29 16 17 18 13 5 27 40 40 44 37 26 35 34 35 30 33 15 13 13 15 29 33 36 37 27 19 22 16 10 11 21 28 30 6 17 38 22 5 13 10 13 15 15 15 4 2 1 1 1 1 1 3 2 8 12 3 3 1 2 9 24 26 22 28 11 12 6 18 1 23 16 12 7 5 46 32 22 21 24 22 10 11 22 19 21 16 18 8 6 18 34 42 26
14 2 2 1 2 4 2 22 19 25 28 33 31 10 10 1 4 4 10 3 13 4 12 9 6 13 11 13 15 13 9 2 2 12 27 51 39 47 50 20 33 12 19 18 13 14 8 18 12 14 15 16 15 4 3 4 6 8 2 1 1 2 2 34 15 17 20 27 17 9 18 3 24 35 36 3 24 37 36 9 14 16 16 14 15 17 23 12 15 14 15 4 8 35 30 32
2 2 1 3 4 3 1 11 19 22 20 25 19 3 7 5 4 4 5 18 13 10 3 23 12 5 6 5 5 4 5 2 2 4 17 50 54 48 34 9 28 39 25 19 25 19 20 9 23 29 31 23 22 14 8 7 5 3 2 1 2 2 2 32 36 26 13 21 19 21 5 3 12 10 6 7 38 34 31 14 9 16 14 13 15 16 18 20 4 10 15 18 6 41 39 21
2 2 3 3 3 3 1 2 6 8 9 4 3 4 3 5 7 7 5 10 14 10 15 14 18 6 10 3 5 3 5 3 3 18 7 17 1 8 7 6 10 16 26 18 13 24 23 8 14 27 34 32 28 33 20 7 7 7 12 24 21 5 2 2 4 3 0 5 29 20 1 2 2 14 26 8 12 45 41 47 27 32 11 14 13 12 11 13 13 14 11 25 40 45 40 41
2 3 4 3 3 3 4 8 8 8 4 2 1 2 4 3 6 11 15 9 6 9 12 21 11 22 23 5 5 3 4 3 4 12 20 34 27 14 10 3 2 9 13 9 20 29 15 15 6 27 12 35 40 44 35 11 8 15 32 47 45 23 8 3 2 2 2 12 27 16 1 4 4 33 41 24 4 38 41 23 30 38 12 13 13 10 9 5 12 18 24 41 43 42 42 34
1 2 2 3 5 5 6 2 1 1 1 2 2 2 3 2 2 3 3 4 4 9 21 33 30 46 28 27 6 3 6 5 4 7 15 30 17 27 31 11 4 4 4 2 7 26 38 30 29 24 34 36 19 25 27 39 20 38 50 42 45 51 38 10 7 4 4 29 13 24 26 9 8 28 27 32 41 21 6 47 36 32 17 19 8 33 38 42 42 35 28 23 13 19 12 2
2 2 2 2 2 1 1 1 1 1 1 2 2 2 3 2 2 5 5 6 7 16 45 47 46 30 13 25 4 7 10 13 7 7 8 11 22 14 21 10 3 4 4 4 4 8 12 13 24 17 25 43 43 16 33 39 20 41 48 33 31 47 36 14 9 4 5 32 10 45 41 21 14 19 29 26 33 39 15 47 47 39 28 37 38 41 37 36 34 28 24 20 16 6 5 11
1 2 2 1 1 1 1 1 1 2 2 2 2 3 4 10 28 20 11 6 7 12 40 24 16 20 6 7 6 16 19 14 15 24 21 35 30 25 15 4 4 5 4 3 3 7 7 9 7 7 8 17 37 29 6 13 28 33 54 6 33 33 29 12 10 7 7 25 24 22 36 37 36 14 17 21 19 22 29 22 21 30 28 27 22 17 16 11 11 19 17 7 1 15 15 13
1 2 1 1 0 1 1 1 2 12 11 3 3 7 8 16 40 34 21 13 14 16 21 51 22 17 8 8 7 8 18 16 3 25 31 26 13 35 27 5 5 6 6 4 5 17 16 14 16 8 7 10 24 51 21 18 30 41 44 15 44 28 20 13 10 6 8 19 33 18 37 39 35 24 20 22 7 8 6 16 16 15 15 19 19 13 6 12 7 12 12 13 16 20 4 2
2 1 3 4 5 7 6 11 29 32 37 13 17 35 42 25 40 37 42 42 28 42 39 22 16 13 12 10 12 14 11 10 11 24 38 11 4 37 31 9 10 21 18 6 19 26 33 38 32 36 27 30 33 12 23 40 42 43 31 27 22 36 31 19 9 15 6 11 37 36 26 31 13 7 8 30 21 22 20 26 32 24 11 17 15 13 5 21 15 18 7 13 14 8 3 2
24 26 17 13 28 32 22 22 38 27 26 26 26 28 34 44 27 32 55 55 43 20 30 16 14 14 14 15 22 21 20 16 14 9 34 22 31 34 10 16 14 19 20 8 25 33 45 48 44 41 36 27 20 18 27 46 43 13 15 26 23 22 21 14 6 22 7 3 19 28 28 11 4 4 9 24 17 29 32 30 3 22 28 26 21 25 7 10 20 16 7 3 3 2 2 1
47 44 40 41 51 37 48 40 48 27 26 42 35 42 33 36 53 65 43 37 27 22 22 16 31 19 18 19 23 35 35 32 29 37 43 33 35 41 40 24 25 7 12 3 29 38 43 26 45 47 48 37 28 30 24 47 41 14 19 32 36 35 21 8 2 11 22 7 8 13 18 15 2 2 14 7 20 11 18 2 18 17 21 28 26 21 10 11 4 3 8 6 6 7 6 2
36 50 38 50 54 38 42 36 40 27 30 40 50 39 34 32 43 62 18 35 34 30 30 22 33 25 26 33 35 36 39 41 34 34 41 32 34 31 41 41 45 27 15 8 24 38 46 41 11 30 39 35 32 10 17 31 39 37 18 18 36 33 36 13 16 20 23 15 27 13 21 30 18 3 13 7 13 33 26 4 25 15 23 21 24 26 16 13 21 6 6 5 4 3 6 11
33 49 47 43 19 27 23 28 27 26 10 31 31 18 23 30 28 4 29 29 42 50 45 38 51 35 35 35 35 45 45 45 40 33 39 24 16 19 25 46 43 41 27 22 8 28 38 49 20 3 4 23 15 3 15 9 17 29 39 33 29 22 28 36 14 12 9 27 39 22 21 9 7 31 26 15 7 7 21 23 30 10 27 5 11 20 12 6 5 5 16 5 1 4 3 1
27 45 53 12 23 34 28 32 41 34 24 31 30 21 19 34 27 21 15 33 44 37 41 42 52 38 34 38 23 19 9 26 23 37 36 24 19 27 27 33 29 35 34 36 32 31 36 53 31 8 13 23 27 10 14 4 11 14 4 23 31 27 34 10 22 16 7 28 22 11 4 17 26 23 22 26 27 13 18 26 21 5 17 20 9 11 10 7 9 14 11 3 1 3 2 1
39 39 36 29 29 39 38 52 55 33 30 26 23 25 26 22 6 20 17 35 36 28 28 3 8 22 19 19 20 23 20 11 10 9 6 16 19 2 9 16 23 39 35 27 49 22 27 47 51 15 9 11 9 15 18 10 4 25 17 16 10 11 27 5 11 5 3 16 30 38 41 17 22 19 21 26 25 16 8 8 15 25 26 12 17 4 13 4 3 2 3 3 4 2 4 6
33 30 35 36 39 29 34 54 30 23 32 33 30 32 32 7 14 9 8 25 25 24 29 33 32 22 15 19 28 16 28 25 30 33 32 24 23 26 24 23 17 23 23 47 37 38 43 16 25 12 8 5 7 17 12 15 6 24 21 10 11 11 15 11 8 15 11 21 30 33 33 29 27 12 25 1 12 12 10 12 19 27 13 9 6 2 13 4 4 5 4 3 1 5 8 4
22 22 17 21 24 18 13 15 11 18 21 12 5 6 6 13 9 6 4 12 3 10 7 13 11 23 25 16 10 6 6 14 24 23 22 23 17 9 12 20 30 11 12 36 42 56 53 31 24 14 5 20 23 17 17 17 10 6 5 5 8 4 5 14 13 5 23 33 22 24 9 11 29 16 15 2 9 3 0 5 12 26 8 21 19 4 12 17 11 24 5 13 16 7 5 8
15 12 3 10 17 20 14 12 17 18 21 13 8 4 6 10 10 13 9 12 8 11 11 23 26 15 14 7 5 7 9 5 11 12 9 8 7 3 6 14 15 38 37 61 61 43 29 18 17 24 18 23 20 12 11 5 3 3 6 4 8 3 2 8 10 22 21 23 37 28 16 12 13 9 5 0 0 0 0 0 3 28 15 5 4 24 22 12 14 32 4 3 5 11 8 8
8 12 5 19 31 43 35 27 12 38 24 12 10 12 10 19 30 24 7 10 13 12 10 9 7 6 4 3 2 5 5 6 8 7 10 21 26 30 27 22 22 18 21 9 22 28 33 17 6 7 16 17 9 24 28 27 25 11 5 3 3 4 6 14 30 33 26 23 25 22 20 13 20 0 0 0 0 0 0 0 0 24 27 16 21 7 13 23 19 27 4 4 6 4 11 12
43 29 44 43 46 23 18 7 11 46 31 19 19 16 27 27 24 10 4 3 4 5 5 2 1 2 3 3 2 3 5 14 7 14 20 34 40 33 26 16 17 5 5 5 8 8 5 12 15 23 22 22 11 37 43 41 33 29 14 3 4 4 17 21 43 22 18 26 38 28 16 14 19 1 0 0 0 0 0 0 0 6 16 20 30 17 14 28 13 24 9 4 3 3 14 28
