data/landfire_maria_fire/SLPP2020.asc
ncols        434
nrows        438
xllcorner    -2099595.000000000000
yllcorner    1481955.000000000000
cellsize     90.000000000000
NODATA_value -9999
[rows 0 to 66 of 438, columns 0 to 95 of 434]
4 11 11 4 3 8 29 39 28 1 2 6 9 3 1 2 3 1 3 6 6 17 28 49 45 33 45 48 30 35 38 35 47 43 28 39 24 37 28 12 46 33 29 18 40 58 42 35 29 47 16 16 31 46 19 42 43 42 12 41 38 6 21 35 17 17 25 43 43 48 17 29 25 21 40 19 23 26 38 49 55 31 49 31 41 40 45 40 31 24 36 36 46 44 35 27
46 52 32 43 45 3 44 12 8 2 1 6 10 2 7 7 6 2 3 5 15 51 63 66 59 58 58 37 16 26 17 13 38 37 40 43 32 33 17 31 23 10 19 42 45 28 42 26 25 26 32 39 39 14 62 30 46 32 27 21 10 23 34 34 28 26 11 5 7 26 21 41 43 35 20 28 27 20 4 16 18 54 24 16 23 21 31 24 31 27 30 35 28 49 19 30
40 46 27 34 43 31 11 8 12 15 13 13 14 2 0 2 1 3 5 9 37 76 81 67 59 63 53 67 59 51 12 17 25 40 29 40 53 49 44 40 23 30 23 40 34 42 50 30 20 19 20 33 42 33 47 24 26 30 33 37 31 34 41 26 27 25 10 1 2 13 5 14 28 42 42 22 23 21 6 7 11 38 32 35 28 27 9 34 38 41 38 37 32 41 40 42
15 12 24 22 42 43 45 10 6 6 7 5 3 2 2 4 6 8 13 45 60 41 36 39 32 57 66 57 70 46 50 39 41 26 14 38 53 32 60 46 33 32 41 51 33 32 47 31 32 37 36 23 26 33 27 34 31 37 42 41 31 50 23 13 12 15 3 12 18 6 8 5 1 11 23 26 34 8 11 9 11 4 25 51 47 45 16 29 31 16 26 26 21 41 26 46
9 22 30 18 11 30 31 22 5 2 4 6 6 6 3 4 7 13 29 52 52 25 24 33 45 27 27 43 53 59 65 65 82 61 41 45 53 38 47 33 39 42 54 45 33 42 48 36 34 37 28 35 23 41 46 40 2 39 37 41 37 31 1 10 9 17 6 11 12 2 11 8 1 3 12 22 23 15 8 13 12 23 14 17 19 30 24 6 6 15 9 14 9 26 30 42
3 9 16 24 26 24 22 19 2 2 2 3 3 2 6 5 13 53 32 25 29 46 34 23 39 25 14 15 3 22 30 47 50 65 70 60 56 29 23 41 48 46 39 53 53 47 18 12 13 26 32 9 10 14 7 16 8 16 23 31 30 13 13 9 12 6 15 12 13 16 5 15 18 6 7 8 8 7 8 15 13 25 38 38 25 35 27 35 25 25 18 14 19 3 9 10
6 7 8 17 20 16 20 14 6 2 2 2 2 6 3 12 32 44 25 20 30 43 43 41 42 29 25 16 22 42 43 48 56 75 73 69 52 50 54 49 57 52 30 44 46 32 16 24 28 25 27 29 15 8 14 8 5 27 40 13 20 25 8 7 14 11 14 6 11 15 6 10 11 9 8 3 6 5 6 8 9 19 31 28 43 9 19 33 19 18 18 39 31 6 6 19
19 7 4 8 10 12 13 14 18 6 2 3 4 3 3 36 26 18 24 27 29 32 33 44 51 53 63 45 51 38 43 43 38 38 29 17 18 44 25 33 39 41 32 32 39 33 45 28 22 1 15 22 24 17 14 10 26 22 28 23 19 21 5 12 21 10 11 15 4 4 5 13 12 12 11 1 2 2 4 2 3 8 12 19 29 51 51 21 29 44 20 27 19 46 20 26
24 12 9 3 2 9 7 2 11 2 1 4 4 5 5 15 26 32 28 30 30 38 39 53 58 59 58 53 69 41 42 48 61 54 50 48 35 19 22 20 12 27 14 29 31 10 10 26 35 25 21 33 27 25 10 15 21 28 20 10 9 11 8 21 14 9 10 12 12 1 2 6 4 6 6 1 1 1 2 6 4 6 9 13 18 38 45 35 21 21 31 30 19 44 29 34
23 10 6 5 6 3 3 5 5 7 9 10 9 14 30 42 39 22 8 19 29 29 33 19 15 19 30 62 40 21 30 45 36 40 21 31 32 38 35 25 28 32 30 30 39 39 34 38 35 33 34 25 19 13 10 12 11 10 10 8 6 4 8 8 6 5 11 13 11 1 1 2 3 1 1 1 1 1 1 1 1 1 2 6 9 16 20 26 25 13 11 21 17 31 35 32
20 15 14 17 12 5 5 6 6 11 15 15 17 27 34 28 36 43 26 27 29 5 27 52 56 55 46 46 32 32 24 36 26 37 20 18 29 25 41 39 36 40 44 36 40 42 29 44 41 41 31 19 22 8 7 8 9 3 2 1 1 6 7 3 2 1 3 6 7 1 1 7 4 1 1 1 1 1 1 1 1 1 1 2 3 12 14 21 21 25 10 13 15 27 23 26
15 24 17 18 20 28 29 26 24 39 27 32 31 43 32 24 18 42 38 40 11 24 29 35 30 35 24 40 51 33 43 40 20 16 34 43 39 26 24 30 48 37 36 44 50 36 33 26 25 22 15 6 6 7 8 7 5 2 2 1 1 1 1 1 2 2 2 2 1 1 1 2 3 3 2 1 1 1 1 1 1 1 1 1 1 1 1 5 9 17 21 15 6 12 15 31
12 12 10 9 14 30 33 41 34 16 21 33 38 48 40 25 25 41 22 35 30 11 19 28 22 37 26 23 35 33 26 23 46 25 26 26 40 43 30 31 51 37 47 22 33 20 25 22 30 12 13 6 7 14 10 10 4 2 2 1 1 1 1 1 1 1 2 1 1 3 3 1 2 2 1 1 1 1 1 1 1 1 1 1 1 1 1 2 3 15 11 12 8 6 9 20
14 16 16 4 9 7 9 5 7 16 18 17 17 33 27 13 14 25 15 29 27 22 16 25 27 20 7 7 13 16 24 19 42 32 38 19 18 44 33 49 32 23 24 26 33 22 26 24 8 17 14 17 9 6 6 5 3 3 2 2 2 2 2 2 2 2 3 3 3 2 1 1 1 1 1 3 3 2 2 2 2 3 2 3 2 2 1 1 2 3 6 8 6 6 7 4
18 51 56 31 12 21 29 22 7 12 15 14 13 17 31 29 37 35 31 11 1 33 16 13 11 16 14 10 6 23 13 21 38 39 23 17 54 7 41 44 5 17 15 34 47 28 18 31 37 10 10 8 13 3 2 3 2 3 3 2 2 2 2 2 2 4 4 4 4 3 2 1 1 1 1 1 1 1 1 1 1 1 1 1 1 1 1 2 1 2 2 10 12 9 8 2
26 10 13 41 29 35 22 21 58 35 40 43 50 33 34 38 48 34 17 43 26 40 33 12 9 15 33 42 41 41 36 25 20 5 23 25 41 50 32 32 34 25 22 46 53 31 61 60 33 23 20 8 6 3 2 2 2 3 3 3 3 3 3 3 3 4 4 3 4 4 4 1 1 2 3 3 4 4 4 3 2 1 1 1 1 2 2 2 2 2 2 2 2 11 17 15
33 53 45 22 19 22 31 17 5 38 24 35 39 50 33 35 18 46 19 36 9 36 41 59 49 38 32 30 37 52 29 30 39 38 42 41 38 41 24 21 21 35 32 33 7 69 51 17 11 16 16 15 7 7 5 3 3 2 3 3 3 3 3 4 3 5 4 4 4 4 4 2 1 4 4 4 4 4 4 4 3 1 2 1 1 2 2 2 2 2 2 1 1 3 8 12
42 41 40 39 31 29 28 25 26 35 37 15 12 17 14 8 26 10 7 11 10 3 4 9 30 36 34 34 44 59 20 53 21 10 25 25 35 46 25 14 17 30 23 41 20 32 36 21 17 3 6 7 10 15 19 27 19 12 14 12 7 3 3 22 26 23 22 11 6 9 13 12 9 8 5 4 5 5 4 4 4 2 2 2 2 2 3 3 3 2 2 2 2 3 3 4
31 34 20 49 48 37 39 33 50 58 61 41 8 25 28 53 36 31 35 36 24 28 20 3 25 41 18 28 27 43 39 38 37 28 37 59 50 43 30 7 25 20 22 19 13 19 13 9 17 7 10 12 18 21 27 34 35 27 26 25 17 6 5 34 28 22 20 10 7 7 10 15 16 15 10 4 5 5 5 4 5 3 3 2 2 2 2 3 2 2 2 2 2 2 2 2
39 34 24 33 36 54 41 52 61 67 57 68 64 51 46 48 50 38 45 21 33 33 38 36 16 28 25 11 2 20 43 43 39 46 47 45 51 51 44 30 7 30 21 16 5 9 10 16 17 15 10 20 32 39 38 37 42 31 25 29 24 14 9 42 17 25 23 21 19 27 13 19 27 17 28 23 34 11 18 22 13 26 21 29 26 15 6 7 4 3 3 3 3 2 2 2
37 45 40 38 39 36 47 48 51 38 49 41 48 64 59 70 63 70 54 28 33 40 39 53 54 47 39 23 22 25 10 43 51 32 36 35 19 28 27 36 26 29 27 21 18 25 21 30 31 34 29 37 39 49 46 25 29 18 20 22 28 25 20 33 28 24 25 20 22 26 22 38 26 10 25 26 29 15 35 39 36 25 23 27 38 32 20 42 36 11 6 3 2 3 3 3
40 28 39 56 52 38 45 32 23 18 35 38 37 55 70 41 34 24 60 58 74 52 43 21 53 28 48 45 33 38 59 48 44 19 21 40 55 44 53 48 25 39 37 39 43 56 57 36 40 37 37 49 45 25 15 23 24 16 19 25 16 15 12 36 41 13 18 15 38 22 32 16 20 15 20 24 20 9 33 28 38 21 43 34 8 30 15 5 10 15 6 6 2 3 3 2
47 54 38 46 44 36 23 42 24 53 54 32 28 46 35 50 30 18 34 63 68 20 44 39 15 37 48 30 29 41 45 62 57 12 3 65 57 22 13 63 38 27 34 35 40 38 41 54 42 33 34 31 29 12 9 17 14 10 11 29 29 14 29 41 28 1 20 21 36 37 25 14 35 33 34 1 37 15 30 20 27 20 12 12 18 39 20 20 8 7 21 16 4 3 3 3
63 67 60 70 58 58 45 40 52 24 48 40 28 36 32 42 40 20 25 29 57 41 91 57 38 69 28 53 41 35 38 28 75 34 67 65 34 19 19 39 16 23 28 3 7 14 49 17 18 12 7 14 14 1 13 8 17 9 11 21 10 41 18 42 29 3 17 23 16 13 6 15 10 24 24 29 25 30 25 17 14 11 7 20 30 21 15 22 21 48 38 38 24 8 33 37
70 66 67 52 57 46 39 44 55 27 48 39 29 34 33 47 42 7 43 52 64 87 69 39 31 46 24 20 18 4 10 50 51 26 68 25 14 12 14 31 19 23 32 7 8 32 44 14 31 27 29 16 13 3 12 3 15 17 9 17 7 28 16 12 15 13 16 13 13 24 28 37 23 26 31 18 25 20 14 30 24 17 19 12 18 7 10 5 31 47 13 33 29 12 32 24
31 18 46 41 54 46 46 38 76 61 65 35 45 33 36 32 44 51 45 15 30 41 30 31 34 16 30 15 20 24 23 22 3 60 69 31 25 18 25 39 45 21 21 24 41 33 35 24 16 22 26 34 33 0 6 9 14 29 24 24 15 35 30 34 32 43 33 17 19 36 42 15 21 32 32 30 28 24 20 38 39 38 24 19 35 29 20 27 33 14 29 46 43 28 47 13
36 22 32 55 60 39 45 52 60 55 65 35 48 26 40 59 66 52 43 17 47 43 45 38 41 22 36 30 28 11 34 31 29 45 19 30 26 17 28 24 38 53 32 33 44 38 48 28 30 14 10 16 29 9 11 28 27 32 32 25 17 40 31 35 37 47 40 31 25 46 47 31 37 12 17 38 28 28 33 24 27 25 28 42 29 19 28 16 17 20 13 54 20 42 52 36
16 29 25 32 39 33 53 53 37 50 52 66 51 34 52 77 42 49 32 23 46 36 48 48 56 27 45 37 34 24 19 49 47 47 54 4 23 25 25 33 39 15 40 24 43 36 43 18 20 21 33 23 30 19 16 18 20 31 26 26 28 40 29 43 35 47 38 38 32 42 18 17 23 38 29 28 20 23 33 27 26 21 26 15 19 19 20 5 7 5 22 36 21 34 70 39
3 14 18 28 29 24 36 46 54 51 56 37 71 59 35 67 19 32 48 22 41 56 40 53 58 21 55 15 46 37 43 47 63 42 38 20 16 23 29 22 33 33 20 56 25 40 45 21 18 38 41 18 29 18 15 17 23 37 48 40 30 61 49 33 45 49 29 26 41 31 32 56 50 43 43 35 37 42 39 30 31 32 33 27 21 24 19 14 11 31 42 10 35 24 48 33
18 6 8 42 28 17 43 57 54 53 66 55 52 76 38 74 23 66 43 27 66 36 57 56 41 27 15 38 20 43 38 32 36 41 40 33 13 29 19 26 41 21 24 28 52 55 37 29 48 64 58 40 26 25 23 30 26 32 40 52 40 50 24 22 44 38 46 51 39 57 48 29 23 37 19 34 42 36 33 28 24 13 20 11 17 22 36 16 25 24 25 45 56 58 23 33
8 4 5 51 40 55 68 60 68 61 61 50 65 74 37 71 47 46 63 29 60 30 50 31 49 46 41 35 22 35 45 14 24 43 44 40 51 22 29 27 25 32 37 27 33 45 46 57 49 35 41 61 45 23 32 45 40 40 46 41 44 55 30 24 44 53 53 54 55 62 58 42 37 57 18 42 55 30 33 25 13 17 20 15 12 24 36 34 38 42 40 63 67 38 31 29
15 40 66 55 44 57 48 52 50 62 75 76 66 74 61 69 57 76 53 43 50 50 30 29 23 22 38 21 39 26 54 21 40 36 26 42 40 46 16 33 29 46 45 30 40 37 52 49 31 19 23 44 62 66 68 58 48 46 40 31 21 20 43 26 42 44 41 47 55 26 67 54 41 77 35 13 26 14 27 50 49 22 19 27 33 41 38 9 33 27 43 62 7 27 24 21
42 69 79 64 64 42 31 49 40 64 77 61 56 78 61 67 49 70 54 48 54 18 57 32 31 21 37 18 43 38 42 46 44 44 57 74 62 49 35 45 25 29 31 43 55 56 39 58 22 22 17 28 40 55 49 36 44 43 44 47 36 40 48 35 52 43 29 26 64 58 70 15 29 50 41 45 49 43 56 62 53 52 50 49 46 35 10 29 39 35 40 48 25 29 34 24
83 57 33 25 31 35 24 26 16 63 71 77 76 65 62 64 49 73 70 61 65 48 35 58 41 33 38 30 18 37 43 61 56 45 56 33 46 66 59 35 33 33 51 67 70 45 50 49 16 13 17 25 16 25 44 63 52 62 68 71 57 65 54 48 65 60 40 22 27 36 30 43 44 22 55 35 37 40 46 10 36 34 9 27 11 31 18 33 34 50 52 47 31 23 21 19
37 28 3 23 32 41 40 29 32 27 49 73 80 85 83 59 62 86 56 72 69 58 58 55 64 50 33 35 34 23 53 48 70 24 55 57 71 61 51 51 23 47 57 62 60 30 49 23 19 39 28 22 37 46 63 69 66 43 52 66 60 62 60 45 74 44 51 39 46 7 47 26 16 51 15 25 47 26 7 35 17 29 33 31 19 34 32 33 41 46 21 38 23 17 19 10
30 38 48 44 34 36 43 42 41 31 40 31 25 66 77 75 88 70 73 86 73 62 66 73 75 73 67 57 50 65 69 34 67 33 49 38 59 62 69 77 79 82 68 54 70 33 31 57 51 28 34 28 8 51 58 1 18 3 20 41 57 52 46 33 30 52 70 50 55 54 37 50 46 51 42 48 28 37 19 38 7 44 25 41 22 19 45 30 41 31 10 20 20 18 13 14
41 39 53 59 27 32 37 46 41 42 47 47 44 3 12 41 73 91 84 73 68 70 66 82 69 69 70 58 59 63 80 36 73 62 56 36 65 70 68 51 68 63 52 61 72 50 49 60 53 37 31 20 6 54 29 41 27 38 29 26 7 40 48 36 41 48 45 63 59 55 32 45 56 42 34 8 27 19 41 15 35 48 41 38 29 43 51 51 49 17 16 23 10 18 18 22
32 32 48 55 25 28 53 48 42 50 40 50 38 32 33 45 51 34 33 21 30 56 64 71 67 67 76 78 76 73 72 63 69 79 80 84 89 77 80 88 77 73 82 73 68 57 39 16 20 45 24 33 19 46 30 21 33 40 54 27 39 22 28 29 36 34 33 41 35 76 65 44 39 22 41 48 31 29 15 55 61 34 26 42 53 64 48 33 29 19 19 32 34 25 25 32
43 32 44 46 28 41 52 40 40 37 44 44 31 34 35 28 43 64 60 66 68 54 37 15 32 62 67 82 85 69 67 75 75 83 83 79 83 82 79 86 86 97 93 74 72 40 14 23 40 43 17 40 16 26 38 27 42 48 19 32 34 23 13 11 17 38 29 32 31 47 43 43 40 22 34 42 42 27 51 74 62 36 34 31 45 29 24 53 56 24 18 21 28 27 28 31
45 27 35 38 25 41 47 50 33 37 38 29 33 34 44 30 28 35 40 41 36 37 32 56 66 58 72 75 62 50 58 27 22 45 44 51 43 11 11 16 24 28 17 38 39 33 30 37 36 39 28 30 48 24 51 35 30 27 21 34 34 22 10 19 37 25 16 10 3 25 54 48 39 33 34 40 38 41 42 66 47 25 33 33 27 22 29 18 24 39 42 23 7 25 35 34
44 38 22 28 29 36 32 48 49 43 37 33 36 54 63 46 44 46 24 52 50 57 38 41 56 55 60 71 58 54 42 54 58 49 61 62 62 46 37 41 42 37 18 48 38 22 33 43 49 32 36 38 49 29 45 31 38 18 46 46 42 18 26 45 55 24 20 17 5 12 43 53 43 28 51 51 36 41 52 52 35 31 23 27 24 19 16 5 29 34 37 39 32 31 35 26
25 22 7 63 41 47 47 28 22 10 18 18 32 39 27 36 23 37 21 7 31 31 38 14 12 31 33 51 56 34 21 25 30 30 38 49 48 66 57 36 31 22 33 37 61 16 24 38 33 59 18 19 30 34 34 32 48 37 31 29 47 41 40 42 43 34 26 33 35 19 23 38 46 52 34 60 66 65 57 28 32 34 28 23 9 21 21 44 46 13 4 19 15 49 61 50
23 46 36 37 16 12 18 20 16 17 26 44 51 36 29 47 44 52 22 25 22 33 25 12 22 24 39 33 42 31 7 23 22 7 31 21 30 44 33 27 47 32 39 30 64 25 39 45 42 53 42 41 38 25 9 34 44 16 27 42 40 32 24 31 40 38 38 28 37 26 3 34 44 42 38 39 36 34 32 33 22 25 35 17 18 29 53 57 46 32 28 36 22 45 50 15
45 30 23 35 39 36 36 40 63 62 82 81 77 64 68 66 87 52 44 67 41 33 45 58 47 53 61 51 42 29 37 32 27 21 50 19 23 61 30 57 43 27 34 22 46 35 9 68 66 62 48 47 46 44 55 21 20 46 39 29 47 19 17 50 45 34 33 49 44 19 27 26 34 17 18 22 27 26 33 40 30 25 25 43 47 44 29 38 30 31 27 51 18 27 27 25
66 57 40 46 44 71 76 84 83 74 81 39 51 85 90 64 86 82 83 94 83 89 90 84 87 79 98 102 100 79 95 75 60 48 30 25 30 55 42 54 35 32 43 23 31 40 29 72 94 78 72 2 14 43 51 18 32 43 32 45 43 19 41 34 28 21 22 39 40 40 50 19 28 45 44 33 26 20 9 21 17 25 16 28 30 8 24 36 33 30 19 21 21 22 30 39
39 40 57 55 49 64 59 12 50 46 29 33 36 61 39 47 60 63 69 51 64 62 61 74 79 68 69 85 82 88 91 80 71 82 93 83 78 80 66 22 27 23 16 67 85 86 92 82 79 55 79 52 43 48 50 66 68 31 49 55 38 41 53 40 29 49 27 44 34 10 36 37 35 25 18 35 32 41 32 20 31 14 35 41 35 26 44 28 30 10 30 22 38 22 60 42
44 51 71 49 50 68 33 33 67 34 50 45 62 61 40 61 49 72 52 40 59 22 50 52 58 32 53 61 65 91 81 60 68 65 70 59 48 80 92 66 81 51 65 96 96 83 68 80 80 66 90 70 55 29 81 75 73 13 62 51 24 54 61 65 27 35 42 11 18 29 12 22 23 8 27 8 18 32 26 31 37 31 21 43 46 30 37 17 26 31 31 54 58 42 52 12
28 34 53 55 39 45 30 56 55 26 31 19 67 41 11 50 56 27 50 56 40 44 47 60 50 29 63 38 42 43 46 58 20 35 60 43 36 81 67 69 73 82 87 79 76 88 94 59 70 37 50 70 68 80 84 60 85 27 34 31 45 57 57 40 75 31 18 29 34 7 35 30 37 8 37 21 39 28 28 48 41 33 24 32 22 25 27 21 12 11 25 23 14 49 49 60
29 51 35 49 61 49 28 15 15 34 45 59 66 60 59 21 46 41 66 60 48 74 61 63 51 49 66 64 26 37 64 65 7 33 52 44 46 52 56 67 75 59 71 47 49 40 47 3 54 56 48 69 75 83 78 44 85 40 29 43 44 59 70 32 57 58 63 20 4 40 33 22 41 15 52 28 32 18 9 21 30 27 54 6 17 32 42 37 19 35 37 21 39 46 36 54
35 15 11 24 37 47 57 66 66 62 73 60 93 70 54 64 20 58 51 47 62 25 53 59 24 23 35 31 40 45 54 57 61 44 35 37 45 58 49 41 37 67 55 50 44 36 55 54 47 42 17 47 10 54 59 78 45 42 29 27 71 36 43 49 58 54 58 41 41 33 24 24 16 65 61 61 38 12 10 17 29 42 84 21 22 26 40 49 42 31 24 25 17 28 33 35
43 14 38 47 52 52 55 51 7 26 34 64 47 44 60 50 23 61 70 67 60 19 59 68 41 21 49 40 23 25 44 39 54 19 19 41 61 64 60 43 40 48 40 35 25 21 10 33 13 70 57 24 54 37 49 72 56 32 26 27 83 63 70 64 70 45 54 25 47 35 52 49 46 51 47 60 61 20 27 29 42 61 107 38 24 33 43 18 63 24 14 7 6 20 32 33
36 48 42 40 55 35 38 67 46 56 67 63 45 54 77 57 25 51 48 47 27 25 59 40 64 36 43 49 48 47 71 52 19 8 27 52 45 34 24 19 34 46 26 50 27 36 22 55 82 50 57 62 55 49 19 73 67 85 64 50 67 60 81 55 78 80 60 52 55 77 78 70 83 82 80 83 86 28 26 63 95 86 95 78 54 18 50 70 32 26 18 35 39 45 41 37
35 56 58 60 49 50 75 71 41 43 60 68 68 51 26 66 45 66 81 30 55 18 36 36 50 51 35 60 54 16 14 5 33 47 71 61 41 48 33 44 49 56 39 47 35 53 46 56 36 53 36 46 31 41 18 65 85 91 69 69 92 75 63 52 80 77 34 86 84 71 94 82 74 84 77 76 83 54 87 89 96 59 76 97 90 64 75 57 38 33 19 24 33 41 32 44
57 10 21 35 46 57 37 45 45 31 15 35 45 43 37 41 61 15 42 73 49 45 16 47 31 51 63 48 53 47 44 47 55 32 62 54 51 54 43 52 52 39 47 52 66 71 67 56 21 34 32 65 51 27 10 43 47 60 52 71 68 53 42 66 52 87 97 76 74 53 76 61 54 40 65 86 74 99 91 76 77 34 54 58 66 51 50 42 45 37 42 40 48 44 52 47
49 11 35 42 30 61 33 35 36 48 12 31 40 35 28 13 59 45 9 56 42 35 17 8 14 56 63 56 59 56 62 59 62 39 47 56 45 41 52 31 57 40 41 59 64 64 12 34 47 31 32 31 69 48 33 47 42 55 46 70 48 40 25 42 63 74 82 74 57 45 54 50 54 35 49 73 84 94 72 76 54 22 29 59 57 55 66 48 61 65 76 83 72 68 70 80
23 36 7 60 57 42 20 40 44 69 61 47 22 23 29 59 53 50 39 14 22 7 24 32 22 52 71 66 48 37 34 64 50 72 73 63 70 65 57 15 25 47 23 18 34 84 55 32 49 44 35 64 57 6 63 64 64 29 58 45 40 37 26 43 26 48 33 31 37 22 37 33 48 49 20 50 28 55 40 26 32 47 64 41 44 36 26 56 29 50 53 52 60 58 41 53
34 33 25 35 34 28 18 37 45 41 38 52 16 49 51 63 70 29 39 22 8 9 32 31 40 43 48 62 69 68 54 53 14 70 38 24 23 35 54 72 68 34 46 43 61 63 42 50 50 39 43 44 37 54 27 35 67 51 30 20 27 26 37 28 22 38 33 37 47 40 18 33 16 30 39 26 47 51 40 36 26 47 60 57 69 52 49 60 38 55 13 40 31 52 50 48
27 27 23 4 13 9 20 39 40 40 29 36 28 12 25 26 25 42 48 17 7 21 29 19 15 13 29 46 32 54 63 47 54 27 36 60 60 28 42 27 53 71 78 73 72 66 58 49 44 34 36 35 49 65 61 37 53 36 9 55 54 43 20 41 31 13 23 48 35 47 51 19 21 22 40 8 49 41 50 19 39 39 51 64 28 48 59 71 51 56 59 62 37 52 52 38
33 33 19 17 11 15 37 35 36 13 26 37 35 27 33 35 29 44 39 7 12 31 38 51 50 51 28 38 20 36 32 15 37 5 53 90 75 57 20 47 28 41 47 60 63 67 57 61 72 34 25 10 44 64 48 50 47 46 48 37 29 51 59 18 33 39 24 34 37 42 36 14 35 50 47 46 33 37 51 31 36 53 30 65 46 30 16 20 12 70 67 68 50 33 51 51
40 41 39 38 5 24 27 36 38 40 32 35 39 37 36 7 5 23 32 44 58 68 82 33 46 62 54 59 41 32 21 27 42 34 49 25 29 26 48 35 31 27 25 22 25 30 34 35 42 16 30 48 34 45 28 34 27 44 37 38 33 54 23 49 27 14 38 34 42 32 25 48 59 3 56 48 38 50 41 50 51 50 41 59 34 66 36 63 36 40 29 36 52 41 36 48
35 49 43 34 5 24 35 38 39 36 24 33 28 15 9 27 45 42 42 49 69 52 22 60 51 32 7 27 31 51 54 26 48 46 25 21 20 39 38 30 30 50 52 8 42 24 29 16 32 34 29 43 52 35 32 36 23 32 12 22 25 35 37 45 51 22 30 35 23 42 15 70 66 55 52 43 34 32 15 32 20 48 30 40 20 47 67 73 64 46 62 53 42 35 53 65
38 25 49 27 6 36 22 9 27 33 49 62 60 22 35 63 28 41 42 11 33 66 58 61 59 55 45 64 64 51 61 61 70 53 42 32 36 43 47 35 24 52 42 35 33 30 41 43 30 13 37 34 30 8 23 21 31 46 36 24 42 22 30 44 39 15 18 39 38 39 41 43 52 54 45 53 51 29 46 42 41 23 40 42 18 56 43 36 57 51 30 17 39 14 45 31
43 28 46 22 23 21 32 35 29 37 45 55 60 28 51 60 80 97 88 77 83 51 55 64 57 45 44 67 59 51 51 38 41 49 43 39 44 61 53 53 44 32 42 37 26 36 41 37 51 44 2 32 35 39 33 16 10 29 44 21 38 24 25 38 29 33 29 25 28 37 35 24 58 58 49 65 33 32 43 52 51 37 40 37 24 54 48 35 50 46 17 18 35 17 24 40
33 28 41 7 13 9 12 20 41 46 58 60 55 41 15 33 29 13 14 14 7 5 8 17 34 26 20 16 26 42 46 40 26 35 46 48 71 55 69 69 42 32 53 44 28 19 18 29 44 24 47 45 55 47 37 28 28 14 28 36 31 8 12 20 38 42 11 7 28 34 40 18 41 33 22 50 53 100 107 68 56 35 40 42 44 38 15 39 34 41 27 33 48 46 33 30
14 32 34 22 30 34 33 36 25 37 28 53 49 21 10 10 6 10 24 28 39 41 48 36 33 34 32 38 32 44 20 40 31 43 48 63 70 47 42 46 26 36 30 40 41 44 38 42 50 30 33 34 34 59 44 33 37 12 43 40 39 18 27 42 46 53 36 9 27 36 28 16 42 36 9 49 79 98 51 58 30 42 32 44 54 54 13 15 14 41 13 25 54 41 40 49
24 9 4 31 27 35 34 26 38 28 22 19 19 8 13 43 43 44 36 43 42 46 47 42 40 46 44 42 38 43 33 39 12 29 32 34 26 54 48 53 38 30 27 41 47 84 48 31 31 42 48 52 19 48 43 28 31 27 42 39 44 13 13 48 41 61 70 9 18 34 56 49 48 20 51 38 74 43 45 26 35 48 35 44 49 37 31 31 44 15 5 40 79 61 70 130
19 9 18 30 38 42 32 49 36 28 27 21 8 21 37 78 75 75 70 27 38 60 46 67 58 50 46 46 41 31 34 42 37 23 16 32 9 23 20 57 35 39 35 37 46 52 45 59 78 34 35 30 30 49 37 32 23 34 46 43 34 33 26 45 21 49 36 33 10 35 49 45 38 42 33 48 63 40 47 31 40 40 44 36 36 14 15 41 51 38 44 31 14 23 37 49
