data/landfire_maria_fire/SLPP2020.asc
ncols        434
nrows        438
xllcorner    -2099595.000000000000
yllcorner    1481955.000000000000
cellsize     90.000000000000
NODATA_value -9999
[rows 134 to 200 of 438, columns 288 to 383 of 434]
1 1 1 1 1 1 1 1 2 1 0 0 1 0 1 1 0 1 0 1 1 1 1 0 1 0 1 1 2 1 0 1 0 1 3 1 1 1 1 1 1 0 1 1 1 0 1 1 1 3 3 3 3 0 2 1 3 1 1 2 2 2 1 1 1 2 1 1 2 4 6 6 5 8 12 15 16 12 10 21 24 29 13 48 35 52 42 40 43 38 49 11 22 48 54 38
1 1 1 1 1 1 2 1 2 1 1 0 1 0 1 1 0 0 1 0 0 1 1 1 1 1 0 1 1 1 1 1 0 3 1 1 2 2 0 1 1 1 1 1 1 1 1 1 1 0 1 1 1 0 0 2 2 1 3 2 4 0 1 1 1 1 0 1 1 2 3 3 2 3 3 5 5 5 7 16 11 10 15 7 3 39 41 15 20 18 13 8 14 25 36 44
2 1 1 1 1 1 1 0 1 1 1 1 1 1 0 1 0 1 1 0 0 1 1 1 1 1 0 1 1 2 0 1 1 3 1 0 0 2 4 1 1 1 1 1 1 1 1 1 1 1 1 1 1 0 0 1 1 2 2 2 3 1 1 2 1 1 1 1 1 2 2 2 1 3 3 4 5 6 6 6 11 9 9 28 27 33 27 28 30 12 7 6 8 23 29 34
4 3 3 2 1 1 1 1 1 2 1 1 1 0 1 1 1 1 1 1 1 1 1 1 1 0 0 0 1 1 0 0 0 4 1 1 1 2 1 1 1 1 1 1 1 1 1 1 1 1 1 1 1 1 1 1 1 1 1 0 1 1 1 1 1 1 1 2 2 1 1 2 2 4 3 2 3 3 3 2 1 6 9 11 12 10 11 12 11 6 7 8 8 7 8 14
1 1 1 1 1 0 0 1 0 0 1 1 1 0 0 1 1 1 1 1 1 1 1 1 1 1 1 1 1 2 0 0 0 4 0 0 0 1 1 1 1 1 1 1 1 1 1 1 2 1 1 1 1 2 1 1 1 1 1 1 1 1 2 1 1 1 1 0 1 1 1 1 1 4 4 2 2 2 2 1 1 1 3 7 8 8 8 9 9 8 7 7 8 7 8 6
1 1 0 0 1 1 1 1 0 1 1 1 1 1 1 1 1 1 1 1 1 1 1 2 1 0 1 1 2 1 0 0 0 2 1 1 1 0 0 0 0 0 0 1 1 1 1 1 1 1 1 1 2 1 1 2 1 2 1 1 1 1 0 1 1 3 2 1 0 1 1 1 2 2 2 4 4 2 1 0 0 1 1 3 5 5 6 6 6 6 7 6 6 6 6 5
1 1 1 0 1 1 0 0 1 1 1 1 1 1 1 1 1 1 1 1 1 1 1 2 1 1 1 1 4 0 0 0 0 2 1 0 1 1 1 1 0 0 0 0 1 1 1 2 2 0 0 1 1 1 1 1 2 2 1 1 1 1 1 1 1 2 1 1 0 1 1 0 1 1 0 2 2 1 1 1 0 1 1 2 4 5 6 5 5 6 6 6 6 6 6 4
0 0 0 1 1 1 1 1 1 1 1 1 1 1 2 1 1 2 2 1 1 1 1 2 1 2 1 2 3 0 0 0 2 1 1 0 0 0 0 0 1 1 1 1 1 1 1 1 1 0 1 0 1 2 1 1 1 1 1 0 1 1 0 1 1 1 1 1 1 0 0 1 2 1 1 1 1 1 1 1 1 1 1 2 2 4 4 5 5 5 5 5 5 4 4 2
0 0 0 1 1 1 1 1 1 1 1 1 1 1 2 2 2 2 2 2 2 3 2 1 1 2 2 2 1 1 0 0 2 1 2 0 0 0 0 0 0 1 1 1 1 1 1 1 0 1 1 1 2 2 2 2 2 1 0 0 1 1 1 1 1 1 1 1 1 1 0 1 1 1 1 0 1 1 1 1 2 1 2 3 3 4 3 4 4 4 4 4 4 3 3 3
0 0 0 1 1 1 1 1 1 2 1 1 1 2 3 2 2 2 2 2 2 3 3 3 3 2 2 4 3 2 2 1 4 0 0 0 1 1 0 1 0 1 1 1 1 2 1 1 0 0 1 1 1 1 1 2 3 1 2 1 3 1 2 1 1 1 1 1 1 1 1 1 1 1 1 1 1 1 1 1 1 1 2 1 2 1 1 4 3 4 4 6 6 2 1 1
0 1 0 1 1 1 1 1 1 2 2 1 1 3 4 2 2 2 2 2 2 2 2 2 3 2 2 3 3 1 1 2 2 0 0 0 0 0 0 1 0 1 1 1 1 1 0 1 0 0 1 0 1 1 0 1 1 1 2 1 2 3 3 1 1 0 0 1 1 1 1 1 1 1 1 1 1 1 1 1 1 1 1 2 2 1 1 3 1 1 1 1 1 1 1 1
0 0 0 0 1 0 1 1 3 3 3 3 3 4 3 2 2 2 2 2 2 3 2 2 2 2 2 1 1 2 3 2 2 1 0 1 1 0 0 1 1 1 1 1 1 2 2 2 0 0 0 0 0 0 0 1 0 0 1 1 0 1 1 1 1 1 1 1 1 1 1 0 0 1 1 0 0 1 1 1 1 1 2 1 1 1 1 2 1 1 3 3 3 1 0 1
0 0 1 0 1 1 1 3 5 2 3 2 2 2 2 2 2 2 2 2 2 3 3 3 2 2 2 2 1 1 1 1 2 2 1 1 1 1 1 1 1 1 1 1 1 3 2 2 1 0 0 0 0 1 0 1 0 0 0 1 0 1 0 0 1 1 2 1 1 1 0 0 0 1 1 1 1 1 1 1 1 1 0 1 1 1 1 1 1 1 1 1 1 2 3 1
1 1 1 2 2 2 2 2 2 2 2 2 2 2 2 2 2 2 2 3 3 3 2 2 2 2 2 2 1 1 1 1 2 2 3 6 6 4 3 1 1 1 1 2 2 2 2 1 1 1 0 0 0 1 0 0 0 0 1 0 1 1 0 1 1 1 3 2 2 4 2 1 1 1 1 2 2 1 1 0 0 1 1 1 1 1 1 0 1 1 1 1 1 1 1 1
1 1 1 2 1 2 2 2 2 2 2 2 2 2 2 2 2 2 2 2 2 3 3 2 2 2 2 2 1 1 1 1 1 1 1 2 4 6 7 2 1 1 2 2 2 2 2 1 1 1 0 0 0 1 0 0 0 1 1 0 1 1 1 1 1 2 3 1 1 1 2 2 2 1 1 2 2 1 0 1 1 1 1 1 1 1 1 1 1 1 1 0 0 1 0 1
1 2 2 2 1 2 2 2 2 2 2 2 2 2 2 2 2 2 2 2 2 2 2 2 2 2 2 2 2 1 1 1 1 1 2 2 2 2 2 3 4 9 12 14 13 6 4 2 1 1 3 9 9 15 11 2 1 1 2 1 1 1 1 2 2 2 2 1 1 1 1 0 0 1 1 2 2 3 3 3 2 1 1 2 1 1 1 1 1 1 1 1 1 1 1 1
1 2 1 1 1 2 2 2 2 2 2 2 3 2 2 2 3 4 2 2 2 2 2 2 2 2 2 2 2 2 2 1 1 1 2 2 2 2 2 2 2 3 3 5 4 5 6 4 3 7 15 23 15 15 30 24 9 1 1 1 1 1 1 2 2 3 3 2 2 1 0 1 1 1 1 2 2 1 1 1 0 1 1 1 0 1 0 1 1 3 4 3 2 0 1 1
1 2 2 2 2 3 2 3 2 2 2 2 2 2 3 2 2 2 2 2 2 2 2 2 2 2 3 3 3 2 2 1 2 2 3 2 2 2 2 2 3 3 3 3 3 3 3 6 10 7 30 26 20 9 20 16 21 31 21 10 12 12 17 11 11 9 9 8 32 11 2 1 1 1 1 2 2 2 1 0 0 1 0 1 1 1 1 1 1 1 1 1 2 1 2 1
2 2 2 2 2 2 2 3 2 2 2 2 2 2 3 2 3 2 2 3 3 2 3 2 2 2 2 2 3 2 2 2 2 3 3 3 3 2 2 2 3 3 4 3 4 6 6 20 18 9 46 33 20 21 16 22 29 30 14 17 24 26 37 11 6 7 11 4 36 47 39 42 27 4 1 2 3 2 2 0 0 0 0 0 1 1 1 1 1 1 1 1 2 1 1 1
2 2 2 2 2 2 2 2 2 3 2 2 2 2 2 2 3 3 3 3 3 3 3 3 3 3 3 3 3 3 4 4 4 5 4 4 4 5 5 2 3 4 4 4 2 5 35 26 31 40 7 29 16 23 25 31 16 31 23 20 13 23 35 42 32 35 31 11 11 40 30 17 26 33 26 39 16 16 12 4 7 3 2 0 1 1 1 1 2 2 2 2 2 1 1 1
2 1 1 2 2 2 3 3 3 3 3 2 2 2 2 3 3 2 3 2 3 3 3 3 3 3 3 2 2 3 3 3 3 3 3 4 4 6 6 2 3 3 3 4 3 4 28 18 23 45 21 14 30 19 25 41 20 30 24 18 23 10 46 16 32 30 22 11 3 49 42 28 28 37 22 45 15 33 53 27 39 36 32 11 2 1 1 1 2 2 2 3 2 1 2 0
2 1 1 1 2 2 3 2 3 3 2 3 3 2 2 2 2 2 3 3 4 3 3 2 2 2 3 7 6 3 3 4 4 3 3 3 7 6 8 7 7 6 15 37 24 10 4 23 30 26 42 16 25 19 29 37 15 29 22 21 28 28 43 17 18 29 44 30 39 28 49 12 27 35 52 62 22 36 45 48 42 21 40 12 22 27 6 1 2 3 4 3 3 2 2 1
2 2 1 1 2 2 3 3 3 3 3 3 3 3 2 2 2 3 3 3 4 3 3 3 4 8 8 5 7 4 4 6 5 5 4 4 21 8 14 42 44 9 14 11 38 16 10 18 20 6 39 30 30 24 26 25 26 14 23 18 29 39 11 49 27 24 41 36 42 6 31 47 15 32 40 56 13 16 48 23 17 27 51 39 41 47 20 5 6 5 4 3 3 3 2 5
2 2 2 2 2 3 6 9 6 3 3 3 3 3 3 3 3 3 3 4 3 3 2 4 5 4 4 18 13 8 9 6 8 21 42 17 24 12 29 23 43 38 17 6 17 15 20 9 8 5 7 20 38 21 17 19 10 22 21 28 22 27 21 16 39 13 22 45 28 18 16 58 40 33 49 35 34 6 28 30 21 43 33 53 32 51 10 31 44 52 33 10 7 32 51 33
3 3 2 2 3 11 12 5 3 3 2 3 3 3 4 3 3 4 4 4 3 4 3 4 4 5 10 20 23 12 11 8 14 28 33 17 31 21 27 43 62 49 18 12 23 18 17 22 17 31 16 24 23 48 8 24 18 23 20 5 29 21 18 6 22 24 25 35 29 26 13 36 40 53 46 39 23 9 15 30 16 43 43 4 56 32 14 29 45 43 33 9 5 26 25 48
3 7 9 10 8 5 5 4 4 3 3 2 3 3 4 5 5 6 9 19 23 32 28 3 4 3 8 16 33 31 28 34 31 30 50 11 34 37 12 36 33 30 23 15 28 19 14 13 20 28 29 12 18 35 25 25 29 22 19 21 13 24 26 26 18 12 24 30 24 3 20 44 33 41 42 12 4 5 15 7 16 16 30 28 31 18 22 36 39 48 55 7 4 19 33 10
9 8 6 6 6 5 5 5 5 4 3 2 3 3 4 9 14 13 16 32 33 30 22 3 4 4 4 31 32 43 48 39 34 17 67 28 14 14 17 21 17 16 11 15 24 8 9 19 31 33 12 26 16 24 13 5 23 20 23 21 31 22 12 32 20 15 31 17 9 13 30 48 11 35 27 13 3 2 18 29 22 15 26 8 24 12 29 31 9 53 38 17 12 26 27 33
3 5 5 8 10 20 26 8 6 5 3 5 6 9 6 17 19 34 38 48 23 37 28 3 8 26 16 9 30 52 48 29 18 64 25 15 14 29 26 26 34 41 18 6 14 21 16 22 20 40 19 24 10 34 22 14 12 11 14 24 20 23 27 22 27 33 45 16 19 20 16 20 37 11 18 12 27 17 4 39 21 25 7 4 20 15 27 19 37 17 17 20 34 15 42 57
3 6 7 12 18 33 25 30 13 8 9 29 34 22 8 16 22 46 47 23 21 27 15 2 9 11 23 5 9 10 12 56 26 49 32 13 15 36 30 36 43 38 11 11 16 19 11 8 13 37 26 44 31 30 34 22 20 17 14 19 30 22 39 25 37 42 45 42 48 17 22 6 22 11 11 35 27 12 4 26 41 26 20 28 24 11 26 21 29 37 27 47 41 16 16 31
10 37 38 31 43 48 48 40 11 25 42 29 16 9 34 36 44 26 23 33 23 29 5 31 42 17 36 6 24 47 28 41 27 17 13 25 23 31 15 32 33 25 24 2 15 10 11 19 14 12 21 22 45 12 20 30 21 16 17 15 11 50 35 27 18 22 31 22 55 18 27 7 47 8 20 14 21 8 10 10 33 9 26 22 17 15 19 10 22 24 34 38 34 15 15 17
22 54 57 36 34 49 34 38 21 18 22 29 38 16 29 25 12 40 20 40 17 11 4 30 32 17 34 11 27 10 34 28 28 19 15 23 24 35 22 11 31 17 25 17 9 17 14 13 13 11 13 3 27 15 9 25 32 9 16 18 15 48 38 21 32 21 28 27 41 15 31 19 33 17 31 16 12 19 36 4 5 8 16 14 13 26 12 21 12 36 38 37 32 17 27 28
29 56 54 28 44 22 33 42 45 49 26 29 36 39 40 24 29 24 28 45 30 5 8 12 28 29 42 34 6 51 30 17 11 17 11 24 28 40 38 20 36 40 29 35 46 10 20 27 34 11 14 15 7 36 33 7 12 23 27 9 12 25 21 23 23 12 46 25 14 11 13 24 18 17 24 7 8 31 9 6 19 47 45 27 15 17 16 41 15 3 31 27 38 10 35 12
21 14 40 16 39 29 15 70 84 58 45 34 35 39 27 39 41 42 26 40 34 3 11 21 20 34 24 29 10 49 54 13 5 12 8 36 45 39 42 22 23 24 26 37 40 31 9 18 32 17 13 24 30 28 33 6 8 13 23 15 5 29 28 31 40 26 22 29 13 9 11 20 13 16 8 13 23 22 24 4 14 45 25 29 13 22 26 42 24 21 36 21 29 23 17 6
14 10 24 15 16 39 45 39 34 38 40 38 8 19 43 36 20 58 32 18 8 5 15 21 13 41 21 35 10 6 61 73 49 23 23 22 41 38 47 36 41 23 31 41 49 65 56 24 13 36 16 10 38 14 1 45 30 12 5 18 10 22 9 69 41 28 27 10 25 30 20 11 7 20 24 26 6 29 8 7 8 18 24 3 21 29 25 34 18 20 42 23 26 17 13 18
4 11 28 27 27 34 30 34 30 48 54 39 9 32 35 38 28 37 50 6 4 13 40 7 10 40 41 57 7 21 11 7 7 11 44 20 23 24 36 14 20 43 25 27 17 67 74 67 32 39 32 35 20 24 16 34 45 15 4 13 11 26 11 79 71 22 8 33 35 23 19 23 14 14 22 19 15 9 7 13 7 34 41 14 18 24 34 37 29 29 31 21 24 21 28 21
15 15 34 39 21 40 32 55 38 27 22 39 36 24 50 24 33 66 30 7 4 26 32 13 13 45 37 59 51 33 27 15 9 16 46 36 36 27 30 27 20 24 33 16 36 21 29 22 33 28 26 23 16 23 42 38 21 41 32 21 20 20 16 48 91 45 12 23 28 24 22 23 27 17 16 23 23 19 18 6 11 23 24 23 39 38 38 49 17 52 28 38 29 21 23 31
18 12 12 19 24 37 36 63 45 24 19 36 32 48 26 43 48 45 27 6 4 31 35 24 27 16 16 25 26 27 7 24 27 27 15 26 9 27 31 46 37 31 27 23 18 39 43 35 34 20 24 10 34 6 12 34 31 17 35 30 15 16 19 26 69 65 53 33 33 16 24 11 22 28 13 11 12 26 33 10 10 19 27 16 37 10 19 42 24 47 27 26 34 25 48 37
20 15 14 28 45 34 41 56 51 26 23 25 44 44 60 35 32 23 15 5 5 17 32 12 21 31 37 11 19 24 43 31 19 38 24 46 34 19 31 72 46 39 71 69 63 62 70 34 27 15 15 2 20 4 5 28 32 19 23 29 9 9 21 12 28 83 57 20 24 8 13 10 22 21 17 27 47 28 44 25 19 13 22 19 9 30 43 16 47 65 53 40 42 23 29 26
38 7 24 35 34 22 5 32 28 30 42 50 31 33 40 45 22 26 33 8 5 19 28 25 5 22 40 24 31 20 35 45 40 38 34 32 29 25 15 59 59 92 56 58 47 59 70 54 65 28 15 33 38 14 8 22 32 24 14 42 25 9 19 18 6 88 69 19 24 22 19 19 25 38 43 23 52 27 48 42 5 15 26 18 14 26 38 54 60 37 64 32 33 24 25 27
40 27 19 31 36 15 16 44 49 55 47 50 71 37 44 46 36 28 23 9 7 5 23 6 22 30 35 24 42 47 45 19 17 37 50 63 33 65 71 60 85 88 91 58 31 42 74 62 60 83 85 31 37 48 65 30 26 9 17 4 22 35 21 11 15 63 66 29 29 19 20 19 36 14 30 39 36 39 36 46 7 20 8 13 24 31 60 29 14 7 18 48 35 13 21 73
43 35 18 16 23 31 43 57 68 52 67 53 66 45 52 39 32 25 24 14 8 4 19 23 30 35 34 21 55 35 35 35 26 40 51 73 60 64 73 93 80 99 92 62 49 51 64 54 75 78 85 57 70 60 72 68 19 13 27 16 15 36 34 20 21 57 82 29 37 18 29 20 21 33 38 47 26 30 19 28 14 25 28 23 22 43 66 52 14 18 27 56 41 34 58 86
65 62 57 21 39 45 45 49 66 64 74 80 81 92 76 48 55 26 25 9 9 5 15 34 18 24 25 27 25 11 32 32 39 52 52 81 92 100 95 115 118 9 59 49 15 83 72 33 8 29 76 54 51 49 76 82 53 38 39 32 24 29 38 31 34 36 59 28 8 24 29 38 21 31 32 46 24 29 31 31 37 28 21 29 48 34 65 94 6 60 51 61 56 48 51 68
49 64 66 51 29 40 47 56 65 72 76 77 68 87 75 56 54 48 53 15 20 4 11 31 30 31 33 49 34 51 62 50 57 55 46 65 76 96 95 69 45 60 35 12 77 43 9 15 28 74 91 87 55 57 59 80 66 47 58 67 35 28 31 28 22 5 52 41 20 15 17 22 23 30 27 36 40 44 46 21 23 23 31 27 49 64 54 77 12 32 61 52 53 37 61 59
71 83 78 52 50 33 57 84 92 49 23 11 12 63 83 68 59 28 33 52 60 4 6 15 23 50 42 32 37 30 50 67 75 77 78 74 60 65 59 31 40 37 35 28 19 14 9 16 32 80 64 104 54 62 60 115 86 39 55 46 66 42 55 22 17 28 56 40 22 12 6 28 43 40 53 33 24 42 43 27 32 27 32 59 45 58 63 45 28 58 52 71 62 50 50 58
79 87 86 69 61 20 64 85 103 30 21 28 42 67 103 67 56 60 69 39 63 7 5 16 19 35 34 25 23 41 60 64 62 80 78 52 40 32 17 29 32 28 26 5 9 22 19 46 54 84 77 106 126 45 66 95 104 78 46 33 45 23 39 46 36 41 74 54 52 11 10 21 37 38 60 24 32 76 79 35 39 45 25 36 83 61 78 36 36 60 40 65 56 61 68 52
35 52 107 96 78 54 88 71 62 31 32 28 52 28 53 48 70 69 74 80 68 23 3 25 22 38 48 31 52 92 71 54 32 25 28 43 43 39 39 45 39 16 49 37 38 46 51 14 29 29 40 6 30 50 65 18 43 62 91 92 70 45 42 68 61 60 62 68 73 48 42 48 54 37 69 53 56 46 77 43 62 51 40 85 77 57 35 26 54 31 46 65 69 31 92 81
24 28 43 56 76 72 76 66 71 77 57 15 48 39 63 57 46 25 14 100 72 33 6 40 43 60 58 39 57 72 34 38 47 36 30 34 37 40 38 65 76 43 48 28 43 31 44 36 27 15 25 30 26 37 38 9 16 47 57 96 102 89 85 92 77 58 66 90 78 57 53 74 55 54 76 75 73 64 63 47 49 68 48 43 85 26 21 20 55 57 49 52 65 32 71 58
45 32 25 43 52 57 74 13 48 62 55 18 48 70 55 22 32 20 45 52 67 51 6 53 71 58 58 58 42 41 38 19 29 26 33 33 15 36 58 45 34 51 55 51 49 54 43 32 39 37 32 38 16 15 32 33 35 32 39 45 37 16 8 4 44 82 83 100 92 86 75 78 75 58 51 53 57 59 85 70 72 79 63 83 99 60 63 64 60 26 41 49 61 31 37 78
56 51 38 41 45 25 79 66 70 37 37 43 8 35 34 42 33 23 40 48 74 38 16 31 52 71 42 8 25 44 39 25 32 38 60 22 30 44 51 34 19 58 40 57 35 37 51 41 36 41 38 46 37 27 42 32 36 39 38 52 52 49 59 48 18 14 19 54 88 90 70 76 73 67 50 34 68 20 64 89 91 105 104 98 136 49 71 67 54 27 48 63 61 69 57 61
35 35 33 44 40 34 71 34 61 56 28 31 41 49 39 14 18 36 57 96 51 33 15 23 67 55 61 59 61 44 44 49 56 30 17 30 38 42 18 19 36 51 19 50 43 36 40 47 29 49 70 70 49 51 40 26 26 43 42 42 41 47 49 45 33 45 39 63 51 18 26 16 6 17 21 58 66 53 72 66 46 22 57 75 40 23 25 13 23 62 63 44 47 42 52 57
41 34 28 41 43 27 54 31 27 12 41 40 48 43 36 5 21 32 53 67 44 63 29 16 57 62 42 31 42 36 42 53 69 36 32 48 53 41 25 22 37 26 35 36 63 26 19 16 43 63 42 38 30 22 41 37 8 17 17 55 53 62 49 35 29 45 45 52 55 38 36 45 48 41 41 59 60 61 73 34 26 20 25 26 24 18 32 43 26 57 46 60 40 40 37 21
34 26 22 39 36 5 54 37 61 53 28 66 44 34 39 50 52 53 60 75 45 53 40 49 42 55 33 17 34 49 44 70 31 38 47 35 31 36 50 13 51 34 19 13 28 38 42 60 59 54 45 44 37 20 19 14 37 38 34 36 13 28 43 38 41 46 53 59 47 61 61 56 49 60 53 21 6 41 42 39 33 33 36 38 39 47 51 44 50 39 39 52 42 46 42 23
9 61 64 56 27 39 28 57 57 42 55 42 55 44 24 63 59 52 13 59 23 43 12 60 34 52 64 5 25 41 53 62 35 41 31 25 18 16 48 31 48 10 23 24 30 20 30 59 50 35 42 35 27 28 24 20 13 17 37 44 28 34 34 52 61 48 37 47 34 30 43 51 41 59 48 26 21 44 56 58 57 43 45 36 47 56 58 32 57 63 47 72 70 64 66 50
44 20 21 13 56 42 49 31 82 60 53 35 33 44 33 42 8 89 97 47 46 34 56 70 53 70 44 42 38 35 31 33 29 24 28 19 10 16 34 44 23 10 10 13 11 35 30 39 31 93 77 4 27 17 18 26 28 27 20 55 30 19 35 33 16 29 22 29 25 6 33 31 43 29 34 51 54 52 48 35 35 44 45 50 42 14 46 62 61 33 33 20 28 53 50 61
21 17 19 53 45 42 47 20 83 49 49 32 55 34 15 6 59 70 59 34 60 50 49 53 59 49 38 37 34 28 23 19 26 22 18 19 25 37 10 27 36 40 36 17 13 22 26 34 59 78 8 13 30 20 19 24 22 23 24 37 45 29 42 52 41 9 8 33 32 26 31 9 10 17 24 25 28 26 38 20 20 35 29 24 17 46 56 58 39 32 45 35 28 30 6 56
23 20 18 15 54 38 21 57 48 45 40 5 17 45 40 37 63 26 18 35 25 22 22 27 19 10 8 17 34 38 37 26 23 18 38 45 33 17 8 14 21 17 17 12 23 51 52 61 34 26 26 24 26 14 15 13 20 27 2 40 29 29 48 4 47 21 31 43 45 42 57 45 30 34 32 26 29 11 13 35 19 9 13 26 30 31 33 44 35 34 37 46 47 38 27 39
41 14 13 73 71 48 41 47 43 43 37 48 43 13 26 84 67 20 32 64 60 45 57 60 24 48 52 18 41 48 41 40 51 15 24 36 52 48 40 18 32 31 32 16 22 29 24 43 27 20 23 15 24 18 13 14 18 30 27 34 45 34 46 14 52 15 40 40 36 22 41 55 45 48 15 29 24 11 21 44 25 36 9 35 36 28 35 18 31 37 33 31 40 33 26 37
28 68 58 37 27 34 41 29 24 24 29 59 56 69 59 32 35 46 39 29 41 30 37 19 30 36 19 30 26 40 30 48 57 51 25 39 40 33 21 9 28 27 33 43 49 21 25 18 18 14 16 20 21 14 15 25 20 19 24 31 30 24 32 33 43 9 30 33 30 39 27 6 7 36 49 39 24 33 19 28 33 48 14 22 40 36 48 28 22 18 28 30 39 31 26 33
34 77 34 53 26 41 16 18 10 40 29 95 65 79 83 20 36 37 25 5 21 4 13 35 23 3 5 47 13 42 51 32 9 58 7 38 11 25 5 7 15 22 33 37 21 15 14 33 27 21 17 32 25 17 12 23 16 24 20 38 31 28 22 53 48 27 36 20 22 49 46 40 35 19 17 49 28 34 24 16 27 35 6 19 27 21 31 35 24 26 32 25 27 24 21 27
21 56 35 42 9 13 16 55 21 49 41 35 28 24 29 16 24 21 23 2 7 4 4 25 23 7 8 35 11 41 19 23 44 36 26 17 16 31 16 31 28 30 19 34 15 19 25 17 10 11 24 23 36 17 15 14 11 9 27 11 53 20 30 36 33 38 20 20 22 29 35 32 38 41 42 34 44 28 25 23 29 34 10 17 27 20 20 19 24 31 24 17 14 15 18 30
13 19 64 49 86 53 18 27 57 61 58 9 24 34 30 11 13 47 53 25 21 5 4 23 22 1 17 24 14 45 23 39 50 21 33 21 19 37 28 24 25 43 32 14 7 24 19 15 25 10 33 43 47 32 15 11 5 18 13 17 30 29 17 36 28 25 27 28 23 20 19 35 36 39 34 25 38 29 7 20 25 31 9 23 33 14 17 26 18 31 25 21 15 22 21 32
9 32 24 46 24 27 55 56 13 34 33 30 23 18 20 32 20 41 25 35 36 37 10 17 30 2 3 34 34 16 47 22 48 17 20 53 54 67 45 32 34 14 27 8 19 19 27 9 9 40 34 6 9 26 19 2 15 12 13 15 34 44 38 26 9 16 32 31 29 26 24 20 19 36 23 26 18 24 19 20 33 33 12 16 24 17 14 22 16 17 19 20 20 14 13 18
8 25 36 9 48 29 34 9 40 20 31 54 32 24 30 12 40 43 29 28 34 51 21 51 66 13 1 7 28 30 39 69 68 30 34 38 52 5 20 23 23 29 24 11 20 22 15 12 13 30 12 2 4 38 32 10 11 21 18 28 9 36 18 38 10 22 36 41 28 13 16 23 14 21 25 13 21 45 36 20 44 35 11 22 11 13 13 19 16 14 14 19 17 17 2 21
11 12 20 32 22 11 48 35 28 56 56 18 13 34 28 27 23 37 12 29 19 34 28 21 9 66 4 13 6 12 19 59 28 34 28 39 16 15 11 11 23 18 4 5 16 8 31 6 16 27 18 5 3 13 17 8 11 22 19 49 28 19 26 28 18 33 38 23 23 8 14 13 36 23 22 14 26 30 38 12 31 23 11 11 13 12 11 22 11 13 12 14 13 20 19 22
24 11 12 22 20 23 44 15 43 14 15 9 11 25 48 34 18 30 31 31 31 30 31 25 15 65 28 30 25 67 71 28 23 33 17 45 21 10 25 23 14 18 18 7 4 15 30 5 8 22 21 5 6 7 19 11 10 2 3 28 14 22 32 19 29 36 33 19 12 20 14 11 33 27 23 24 13 30 32 19 18 7 11 11 13 11 8 21 9 12 12 9 11 5 10 22
8 7 8 14 26 9 17 15 13 21 32 17 7 10 28 8 9 16 26 19 14 35 24 25 19 23 21 20 35 20 6 32 14 21 34 12 14 29 17 21 20 8 17 5 8 14 27 14 3 16 24 11 7 4 36 17 17 7 5 33 20 29 25 24 20 20 41 26 20 11 13 8 25 25 25 17 16 20 16 8 7 12 10 9 14 11 16 19 9 11 13 9 13 3 17 8
7 6 9 30 46 26 20 19 24 24 27 12 16 34 28 15 16 19 20 8 31 20 31 8 18 6 6 31 12 18 17 38 9 10 32 28 12 30 27 17 17 17 30 3 5 18 19 20 0 22 6 27 21 6 29 13 31 10 12 35 37 29 20 25 8 34 39 15 19 7 17 8 20 14 23 26 17 11 12 7 7 7 7 7 12 19 14 15 10 8 11 14 9 17 14 12
