data/landfire_maria_fire/SLPP2020.asc
ncols        434
nrows        438
xllcorner    -2099595.000000000000
yllcorner    1481955.000000000000
cellsize     90.000000000000
NODATA_value -9999
[rows 0 to 66 of 438, columns 192 to 287 of 434]
55 44 26 35 39 55 41 25 43 29 27 21 19 24 27 41 99 33 60 29 47 100 161 44 32 37 22 21 51 55 45 21 35 59 55 53 35 46 48 51 45 61 49 36 25 19 21 32 37 54 41 12 8 21 18 21 21 17 16 23 16 33 32 22 22 29 21 25 20 30 35 39 34 23 21 49 37 40 35 11 24 10 12 21 40 13 20 22 32 49 43 20 21 21 23 24
38 31 32 38 29 35 57 18 46 30 16 20 18 28 26 31 51 64 12 67 79 138 45 12 34 24 19 43 60 48 46 50 33 24 60 59 59 29 39 56 64 68 55 55 57 32 22 32 41 58 54 20 28 23 14 19 17 16 21 27 14 18 19 17 23 16 10 18 28 21 31 25 24 36 38 20 30 33 39 27 21 23 30 20 40 23 29 41 14 32 18 32 33 30 27 29
61 36 40 24 32 37 64 20 32 21 7 29 29 25 24 31 23 74 25 76 137 63 12 19 20 30 45 29 54 47 60 33 38 44 44 59 55 46 49 63 73 68 66 69 65 44 23 33 44 60 55 9 22 20 22 17 18 6 22 19 19 15 18 9 20 22 19 13 17 16 31 31 43 35 22 12 19 45 36 36 30 32 31 26 19 13 14 60 57 26 23 26 24 23 21 24
18 54 59 36 27 40 79 21 14 21 21 52 30 20 24 38 33 6 93 121 100 42 40 27 31 37 27 25 44 58 65 45 43 46 48 60 50 51 50 70 55 62 53 59 79 67 45 49 43 66 44 14 10 17 17 20 16 15 21 24 21 33 32 30 20 18 24 16 25 33 33 42 24 17 13 8 19 22 38 20 24 51 38 36 36 33 19 21 16 18 17 13 19 18 21 17
56 36 46 52 43 23 65 23 30 49 38 35 29 13 36 23 26 39 71 104 78 51 57 46 37 33 28 38 45 51 53 58 47 28 47 48 50 55 53 65 52 29 56 112 83 39 26 45 55 58 44 19 22 19 18 11 24 22 25 25 18 19 34 23 13 20 24 17 10 33 48 44 32 31 10 15 20 11 30 14 17 16 13 14 18 20 22 19 16 20 20 20 19 14 18 13
33 31 69 26 64 50 15 43 46 54 55 63 66 76 55 28 39 26 60 180 32 30 34 40 44 52 52 47 24 48 56 56 52 51 36 55 65 37 16 33 22 74 82 72 39 36 49 35 53 34 30 19 18 19 21 8 16 24 19 21 23 7 20 13 16 19 25 15 13 33 33 24 29 14 22 30 18 20 33 28 21 21 19 33 37 16 19 19 17 20 18 14 20 20 23 30
31 30 54 44 76 38 45 39 52 61 59 61 57 55 48 42 49 16 46 159 28 36 44 59 59 44 42 40 27 20 12 12 16 53 52 14 24 66 75 82 74 81 80 50 39 41 46 36 61 32 15 14 13 13 19 10 6 16 12 25 30 27 31 9 19 31 38 43 44 21 28 1 24 25 24 10 22 31 34 32 26 14 23 18 21 39 46 21 22 21 23 14 19 19 18 18
44 39 26 62 49 61 49 49 37 46 28 46 41 33 23 56 48 118 122 64 50 46 15 72 70 49 50 22 45 51 44 43 50 43 32 64 59 64 67 75 73 96 79 47 55 52 64 57 38 20 22 4 19 18 28 7 13 20 18 36 32 17 18 17 14 30 31 27 26 22 41 48 48 37 38 18 30 17 24 69 24 50 49 65 20 75 95 65 29 22 38 53 58 26 28 22
28 44 50 50 35 42 40 52 19 54 40 39 40 23 21 49 39 118 54 21 10 11 56 51 37 39 47 27 45 57 44 45 62 25 43 35 73 52 62 62 50 74 71 33 43 53 60 57 31 22 22 21 30 28 20 15 6 11 17 26 30 14 20 21 21 36 36 18 27 24 26 18 15 19 36 53 51 27 18 54 44 46 47 33 65 38 32 41 56 57 64 67 42 33 28 23
42 34 45 66 23 40 33 45 39 53 57 35 41 22 42 38 68 31 61 62 50 61 55 24 56 44 53 66 29 46 54 73 70 55 61 79 64 57 80 79 55 34 38 43 48 64 46 65 38 23 16 15 20 15 14 12 17 20 17 21 18 19 32 26 28 27 27 20 20 32 31 34 40 40 39 36 17 33 24 21 60 65 61 13 17 22 18 19 18 18 16 20 19 21 20 18
41 40 38 67 49 48 30 44 24 47 47 33 37 34 30 45 71 23 111 50 14 40 50 47 47 38 42 60 53 54 62 75 52 62 66 75 66 55 54 83 54 31 14 42 52 60 56 67 16 25 22 19 22 15 19 12 25 23 11 17 20 25 18 13 18 22 20 28 18 28 29 25 23 36 25 3 37 32 37 35 54 38 18 19 18 18 21 19 17 18 15 20 21 23 20 23
45 35 26 38 34 23 43 60 22 44 36 69 20 42 88 124 135 88 54 19 30 57 43 22 23 54 50 39 61 79 62 79 35 65 64 65 64 79 84 71 27 31 47 49 65 34 37 21 29 21 14 16 10 19 16 15 22 19 18 26 21 19 22 38 22 32 31 18 20 8 22 27 27 44 29 36 11 24 26 41 27 12 16 16 14 19 16 24 17 15 18 21 14 21 22 23
58 59 60 44 38 15 51 56 37 48 34 73 10 79 125 111 80 51 17 28 26 45 17 30 36 54 49 20 25 56 64 75 52 72 69 77 87 65 51 27 24 39 42 50 52 18 37 20 26 24 21 17 17 24 19 23 22 21 24 20 18 18 14 33 51 15 34 16 20 31 44 36 57 44 47 31 55 28 40 52 34 21 18 17 20 27 20 25 12 6 19 23 20 18 19 14
22 49 58 63 60 40 19 48 42 41 38 69 6 121 70 24 33 32 33 36 38 58 34 38 54 58 65 61 73 72 78 61 67 16 16 10 10 4 18 27 40 51 57 16 17 31 24 24 15 7 11 6 14 32 41 38 43 29 36 18 25 33 29 35 32 30 22 34 20 36 19 52 65 52 61 49 22 38 33 7 9 25 21 17 20 22 19 25 20 10 15 13 21 15 22 17
45 41 42 71 73 41 31 61 34 12 26 68 39 119 39 27 27 35 32 44 36 55 36 33 37 64 59 68 74 77 76 87 75 19 24 17 2 20 22 36 54 54 45 18 26 34 34 21 21 14 7 10 17 22 26 39 20 33 32 28 27 27 18 5 24 30 15 33 27 56 28 43 44 52 55 49 36 12 21 12 9 20 9 22 18 25 24 22 24 22 23 6 17 18 22 19
71 31 51 49 43 65 38 70 36 20 21 75 72 25 45 35 38 36 22 52 27 40 59 8 3 48 58 54 60 83 97 84 126 36 10 18 36 13 28 56 37 35 30 69 54 64 40 35 18 9 15 22 19 21 31 25 15 29 36 27 34 15 13 56 52 37 34 32 43 48 15 17 34 39 31 38 19 21 34 12 17 8 18 11 15 20 25 15 6 21 16 26 25 29 22 16
70 32 52 53 45 49 54 46 31 42 31 71 135 31 40 29 24 37 31 56 33 32 63 23 22 19 28 50 64 77 89 101 123 85 32 31 32 27 39 37 30 32 49 51 39 66 55 49 24 18 26 20 15 4 35 26 6 30 36 52 43 23 25 53 49 42 42 42 73 77 49 12 28 37 16 21 37 35 16 22 25 12 13 12 18 16 20 17 14 22 22 24 20 21 21 19
53 23 47 47 42 65 14 25 40 61 54 17 132 36 38 33 35 43 35 43 39 49 43 42 32 27 39 43 66 76 79 118 136 19 33 26 37 48 50 35 40 34 37 26 21 46 54 53 43 39 26 19 35 43 37 14 8 28 28 20 33 42 41 62 81 65 70 62 62 30 51 35 21 13 7 15 30 47 26 18 36 16 9 16 19 17 16 13 23 22 30 14 20 20 20 10
47 27 47 40 42 66 21 76 61 31 19 10 111 37 34 25 27 44 29 50 37 39 42 22 28 57 59 52 70 68 83 119 104 23 23 37 32 44 37 45 34 28 28 20 20 42 44 57 28 42 30 34 33 39 39 35 30 16 41 38 20 31 45 50 70 13 55 62 43 43 61 49 20 13 22 32 27 43 42 52 35 24 33 16 20 14 21 19 19 22 23 23 21 15 20 25
21 28 53 39 44 37 41 14 22 37 34 71 59 51 55 31 31 30 31 44 38 69 52 39 52 48 56 80 87 105 122 106 15 7 11 23 16 50 59 48 61 26 26 24 22 39 42 30 54 37 26 28 37 28 28 38 34 47 51 22 26 49 54 59 61 34 31 14 5 39 36 37 32 71 68 33 2 15 16 17 7 54 37 7 16 20 28 15 21 9 15 22 26 21 20 17
34 36 51 55 49 40 29 26 24 45 35 36 39 47 48 51 28 48 38 44 49 78 48 45 70 58 86 74 78 159 135 26 25 7 21 54 72 59 45 48 50 27 24 26 26 28 53 16 48 36 23 23 39 23 24 26 33 58 52 22 23 37 40 72 60 26 35 12 36 32 52 35 55 38 70 37 33 14 5 24 5 38 41 12 13 15 13 20 24 13 16 25 20 21 21 16
72 35 37 13 9 17 16 50 34 68 50 43 36 39 72 30 20 57 42 30 30 70 60 60 19 64 75 76 109 85 21 26 25 33 30 37 45 50 42 69 24 32 28 32 35 33 53 29 26 45 32 27 28 24 25 26 22 61 71 14 11 24 23 61 49 31 28 22 34 21 17 25 44 21 21 39 23 35 26 27 31 27 11 16 17 8 11 22 15 18 15 29 27 15 18 23
86 34 36 21 27 41 34 43 32 76 53 49 29 99 108 48 69 53 50 14 20 18 52 40 74 83 78 130 125 48 30 21 22 44 35 38 32 33 47 59 26 31 34 27 29 37 44 34 25 45 32 30 31 29 25 19 32 59 47 19 22 15 22 56 47 5 7 15 15 20 15 23 21 6 19 29 36 36 31 13 10 26 19 9 27 24 14 11 6 21 23 28 31 19 13 25
85 69 30 39 78 74 64 25 4 70 54 33 58 79 67 53 51 13 20 51 64 67 96 94 86 85 83 99 39 26 30 28 28 37 31 30 30 36 59 36 27 30 28 29 30 37 52 18 24 17 26 27 27 26 20 20 52 64 13 20 13 32 48 12 13 1 12 8 25 18 17 7 11 21 18 22 18 8 39 35 30 18 22 11 28 27 42 5 13 27 21 21 22 15 21 18
100 64 45 65 78 72 64 62 63 66 41 50 79 76 76 16 18 4 30 58 22 71 73 104 94 98 98 33 39 52 38 28 31 30 33 31 31 46 53 47 29 24 32 18 21 46 54 25 24 14 19 31 32 13 10 40 54 56 25 19 58 59 69 17 11 13 23 10 22 22 12 7 9 24 14 23 18 6 12 52 50 17 17 8 4 25 50 45 40 18 26 14 32 27 21 18
30 73 57 66 84 83 70 93 97 43 36 62 112 71 39 23 39 45 22 43 71 66 67 54 51 29 17 24 31 45 49 44 43 41 39 34 34 57 70 57 27 31 27 26 26 34 63 22 32 37 28 25 22 28 25 38 57 36 37 81 50 42 26 13 18 19 18 11 18 18 10 17 20 20 25 19 17 20 22 18 32 42 50 39 39 29 21 15 12 18 26 20 20 28 24 30
51 69 102 112 127 85 88 28 20 49 31 102 90 40 58 51 30 12 12 30 56 72 71 66 56 40 28 30 32 31 38 51 30 31 31 32 35 38 65 56 31 27 21 30 24 19 56 23 30 32 40 29 35 20 33 43 50 46 68 67 47 26 14 4 18 6 13 12 14 9 23 12 9 11 12 14 20 8 23 22 29 42 44 41 35 41 35 18 8 19 11 12 25 51 54 73
48 72 85 6 22 18 56 102 77 54 16 64 93 64 55 73 59 12 13 19 28 64 65 70 66 48 60 29 31 32 42 56 42 29 34 36 30 27 39 83 56 25 30 29 26 26 49 21 28 28 44 36 47 30 14 51 42 69 84 62 3 16 18 6 23 10 30 11 23 22 16 13 16 17 33 32 40 26 29 25 19 21 22 23 29 31 45 44 47 69 74 78 94 71 70 91
74 69 55 41 17 26 70 50 56 23 32 18 50 82 68 78 78 28 19 15 22 56 67 63 41 41 49 35 25 25 32 45 53 25 32 43 31 23 25 76 62 20 25 30 22 27 55 19 37 27 48 23 31 37 32 56 58 80 87 31 25 17 12 20 20 21 26 14 19 6 13 15 14 7 4 35 29 32 23 17 25 21 18 26 23 34 64 59 55 44 63 76 79 56 55 73
43 31 30 42 54 23 50 26 3 37 75 73 78 71 24 52 80 65 66 27 15 47 68 71 58 55 47 56 47 16 8 3 28 32 33 37 37 21 24 86 71 24 38 40 33 11 51 24 45 18 43 47 44 42 48 51 24 80 68 6 18 27 14 19 31 32 38 16 28 4 8 5 5 10 24 33 27 26 37 33 21 17 12 31 28 39 98 96 55 52 78 47 48 53 49 73
9 30 42 60 70 44 25 28 30 63 79 43 45 71 67 35 72 65 75 74 49 59 58 63 65 67 42 57 51 22 16 21 29 35 45 29 35 16 20 53 75 31 39 41 29 30 51 38 34 56 34 29 39 53 53 28 20 77 107 12 17 25 30 32 41 24 47 23 33 5 7 6 3 34 26 12 11 24 20 48 50 44 41 36 42 93 108 61 54 46 38 29 46 79 74 87
70 51 73 67 67 76 71 68 77 63 75 73 72 78 84 52 10 21 46 68 79 41 67 73 73 68 51 70 58 51 54 60 67 44 43 15 34 24 17 37 66 30 37 56 35 37 30 67 81 23 23 45 63 27 19 24 27 74 144 23 13 7 4 23 41 53 17 13 22 22 4 13 14 12 4 4 16 7 6 12 14 17 14 39 76 81 61 41 36 48 41 44 50 58 50 97
63 65 83 57 80 47 58 71 86 67 84 79 77 71 69 56 57 36 23 57 77 55 58 75 57 75 61 62 83 75 55 60 63 36 30 21 27 18 18 50 62 43 38 54 36 53 47 92 34 30 37 41 49 52 29 24 15 69 139 21 17 12 13 13 10 42 44 23 28 21 15 11 12 14 12 12 20 35 31 17 13 61 68 53 72 70 73 46 40 52 46 44 43 82 71 77
62 93 90 77 64 50 67 79 79 75 84 69 78 68 109 125 104 65 71 57 24 45 43 35 50 73 69 63 76 71 19 83 72 62 46 34 25 30 14 51 61 43 52 47 28 73 82 39 48 34 48 43 38 50 42 34 64 54 42 19 19 8 13 18 16 24 38 14 38 29 29 41 48 49 59 84 89 72 75 78 80 94 72 96 87 52 81 62 47 59 65 100 84 77 79 79
63 71 84 76 66 49 59 73 80 68 78 68 68 95 119 115 135 123 108 83 73 51 48 18 26 67 71 45 50 52 60 34 36 43 49 33 16 41 24 35 49 59 42 59 48 48 48 49 33 46 26 38 40 42 40 60 79 34 46 43 31 8 16 7 7 0 33 29 28 31 33 49 39 62 72 91 88 71 70 80 66 96 74 95 88 49 71 68 59 61 72 75 61 63 68 66
73 77 78 62 55 38 53 52 39 57 68 29 37 74 77 97 103 110 114 135 93 92 76 79 85 87 77 60 28 49 18 73 71 83 63 17 13 42 50 39 23 49 26 62 65 23 33 28 27 29 33 35 39 41 74 74 40 40 31 33 35 27 23 33 33 31 35 42 36 38 65 56 60 65 75 73 75 75 71 62 69 88 60 64 63 76 68 69 99 115 105 104 99 94 76 66
75 74 76 70 70 48 46 65 65 68 47 15 4 39 43 87 85 83 78 145 151 102 68 68 46 72 90 47 60 39 64 77 70 81 87 1 13 15 32 20 49 44 39 67 45 37 27 30 30 21 30 35 21 59 124 96 43 33 30 27 31 40 27 40 33 31 38 32 57 34 73 58 61 70 75 71 72 78 67 62 73 77 52 61 64 70 73 45 100 109 116 118 118 134 96 85
71 79 82 68 57 56 65 70 52 42 39 18 17 19 6 18 14 16 8 23 53 89 84 70 68 27 19 60 56 47 54 79 80 71 78 115 92 64 59 60 62 27 23 41 35 49 20 26 20 32 43 21 37 110 69 34 20 23 28 28 24 19 24 27 12 20 28 27 65 32 84 57 61 62 68 77 73 67 76 59 48 56 76 80 58 48 84 64 86 99 87 37 74 110 135 98
67 78 82 68 65 70 68 76 62 56 39 26 28 38 23 8 7 11 15 10 5 51 64 58 59 28 25 35 50 53 48 77 92 77 51 66 80 69 48 37 35 44 29 44 37 21 43 12 14 22 29 42 39 86 91 43 34 19 12 16 22 9 10 27 7 14 26 16 49 23 78 32 37 64 65 67 57 62 89 65 64 51 57 62 77 52 101 70 63 100 94 55 59 41 100 100
68 58 31 51 63 66 62 81 71 61 56 43 51 62 66 64 51 28 29 52 52 22 22 43 50 43 30 34 42 50 35 63 69 99 38 62 58 68 60 65 49 43 33 24 32 22 19 12 4 19 23 45 60 63 82 46 47 32 36 37 33 42 31 42 41 32 28 20 22 33 52 49 44 52 57 48 34 75 86 34 22 56 65 40 69 83 64 51 56 56 48 52 51 28 32 40
46 62 23 45 52 67 60 80 71 56 57 51 67 69 75 74 67 38 36 61 68 38 28 35 48 61 42 39 49 45 52 73 64 103 26 47 53 59 56 58 50 41 44 35 22 22 15 11 5 13 14 48 75 76 77 59 46 6 28 33 49 45 33 52 45 35 38 54 52 52 50 61 60 46 41 31 50 86 88 30 15 62 59 40 59 93 55 25 20 36 29 76 96 32 35 20
21 40 58 52 35 40 54 67 41 73 80 79 74 44 54 71 51 61 50 35 54 70 74 67 50 60 69 52 57 64 68 66 74 55 20 44 36 67 54 65 77 59 60 45 40 19 17 10 13 36 42 35 47 49 51 38 37 43 14 11 19 45 68 59 67 30 10 35 45 68 65 64 61 59 52 56 58 118 134 30 18 51 61 64 37 87 97 97 62 78 81 113 115 68 100 95
51 45 44 58 61 25 17 62 68 17 20 75 68 26 29 57 52 53 51 44 55 71 75 80 73 67 77 62 58 75 67 82 72 41 37 56 47 53 43 51 47 59 68 55 42 23 22 24 51 37 40 53 41 69 76 52 44 38 35 57 58 56 78 78 68 80 79 30 54 82 59 65 68 53 57 67 67 68 110 97 121 140 121 103 35 91 112 130 139 154 163 86 125 104 134 103
48 44 57 61 68 53 48 76 76 90 84 76 55 19 49 77 72 74 66 55 71 78 76 82 79 73 71 98 76 67 66 65 71 59 52 67 72 69 61 55 37 53 59 61 63 55 46 48 51 34 53 54 63 73 73 58 66 46 39 39 36 21 17 39 44 57 61 68 78 66 59 66 77 80 75 75 61 52 47 71 90 92 95 75 86 80 78 96 96 137 120 73 93 87 81 85
55 58 44 49 50 72 60 69 74 96 80 79 99 65 50 68 71 68 60 63 74 94 86 72 73 67 86 71 81 69 64 59 60 58 65 72 70 66 71 59 58 69 69 64 62 68 60 54 53 41 59 52 64 62 69 43 37 56 57 42 45 46 49 34 38 49 51 50 50 32 59 57 60 44 42 58 50 69 32 104 97 99 103 106 102 76 69 75 84 91 101 72 79 74 70 84
73 71 74 38 41 46 60 66 60 81 79 66 85 112 89 76 48 65 65 61 70 77 83 63 45 68 82 87 92 72 70 67 64 64 61 56 71 84 77 64 79 76 74 66 77 75 71 79 83 69 68 54 60 70 60 56 30 51 59 60 53 26 42 37 13 40 48 34 22 56 68 61 57 54 48 59 58 38 47 69 64 67 65 59 62 22 73 82 83 80 111 79 71 66 67 74
67 67 80 75 52 46 63 59 50 71 71 70 74 85 92 75 81 42 65 65 75 76 72 59 66 72 94 76 81 73 75 70 59 57 60 57 73 72 71 72 77 71 76 74 77 62 73 80 72 65 62 53 60 72 72 47 29 60 60 60 68 66 20 60 50 21 55 48 48 28 64 59 53 54 43 57 70 54 51 53 56 61 68 62 62 65 21 93 82 83 116 95 78 92 72 78
38 56 45 72 79 64 54 48 50 44 51 56 59 64 67 73 74 73 33 39 45 34 64 65 70 71 82 64 62 72 71 70 63 67 63 55 66 78 78 92 113 81 72 59 60 73 67 60 51 52 61 77 76 78 84 59 60 65 55 50 34 49 54 40 50 53 31 64 67 48 37 52 52 67 57 54 45 40 45 31 30 42 49 51 50 65 78 73 58 68 55 43 53 41 73 73
53 55 67 62 73 63 36 58 35 48 50 55 62 66 67 70 76 72 66 43 48 13 39 60 65 69 79 61 59 56 59 63 58 72 60 70 66 73 78 96 99 69 57 41 54 63 48 26 23 6 25 48 28 74 61 61 58 74 68 67 65 53 52 27 41 44 44 44 52 70 10 49 59 67 70 59 53 55 50 45 47 45 57 62 54 54 65 77 83 78 70 80 76 60 28 85
43 30 23 24 24 25 30 35 37 41 41 39 47 61 62 67 69 57 53 52 52 53 67 65 52 26 42 25 21 15 35 52 32 70 71 63 62 58 60 76 50 40 28 29 20 13 24 63 71 67 62 78 83 103 40 41 50 68 64 70 63 29 57 72 72 76 64 81 60 60 26 59 77 76 72 79 84 97 99 92 81 72 73 81 72 77 67 52 69 72 89 56 70 84 113 98
29 21 19 21 23 21 24 31 34 49 56 72 65 65 65 62 67 57 57 46 51 49 50 72 72 75 81 74 74 59 54 38 11 60 38 9 9 29 16 26 20 46 41 28 35 76 61 109 75 71 61 90 113 134 114 46 55 65 69 60 67 42 54 76 47 53 36 64 80 48 41 31 6 85 87 100 93 84 78 78 75 68 61 80 81 90 75 48 43 54 39 43 43 94 99 75
18 19 30 31 44 33 20 77 65 79 71 58 49 29 28 58 64 64 63 55 48 48 50 52 61 70 74 68 66 73 71 64 70 75 68 49 54 68 67 75 71 44 55 51 77 61 97 86 87 50 60 75 82 83 140 71 60 53 61 65 73 81 72 38 77 28 75 66 74 66 24 79 98 85 102 40 33 61 56 45 35 23 35 44 54 71 63 24 47 31 27 19 32 29 61 85
20 20 30 38 44 11 16 72 54 65 56 28 45 16 23 44 55 73 70 57 55 53 55 56 59 57 64 65 78 77 74 64 75 69 64 45 54 66 69 70 66 74 53 39 62 69 110 62 80 58 50 84 75 86 82 116 7 67 63 66 65 59 58 39 27 31 76 74 61 58 70 73 82 93 99 104 68 46 58 65 69 48 33 39 68 60 61 31 31 28 32 17 28 17 20 62
35 27 20 37 39 43 35 55 70 69 45 38 20 37 39 36 31 40 55 61 62 63 65 65 56 57 62 58 71 62 67 67 68 61 70 82 84 57 66 64 78 79 63 71 91 87 65 127 85 85 53 94 72 78 96 117 95 17 70 68 66 64 51 52 39 16 60 40 48 71 61 68 48 77 70 95 87 94 69 62 69 66 39 66 57 50 42 34 34 38 25 13 14 32 46 57
32 34 29 26 32 29 27 41 55 77 60 30 23 40 41 25 27 26 32 44 41 57 58 57 52 57 63 60 62 58 60 62 63 60 84 77 70 52 71 76 81 71 63 69 83 92 71 99 85 70 61 59 53 65 73 89 91 65 51 68 55 69 60 61 53 14 34 47 51 59 38 63 43 59 54 71 66 80 89 45 57 57 46 74 64 45 43 36 39 60 70 42 47 40 31 63
25 26 36 33 22 33 39 22 30 77 58 37 53 36 22 22 29 35 28 26 29 38 38 40 46 46 14 51 64 71 58 86 83 75 75 59 59 62 85 69 58 78 69 82 92 64 68 86 85 87 77 58 84 76 92 142 70 72 33 70 69 55 38 72 74 13 69 43 46 76 76 90 82 80 50 65 66 63 65 24 49 61 57 73 78 69 67 70 74 54 62 71 59 30 34 61
31 26 15 37 38 26 39 17 25 51 57 53 59 35 24 32 32 28 30 22 30 44 46 46 63 30 41 56 75 69 62 70 61 77 69 63 66 72 78 77 69 76 68 72 67 80 61 61 78 85 52 93 63 73 82 104 80 80 61 64 78 72 62 71 58 58 52 66 61 72 77 80 77 60 77 91 73 69 65 43 35 70 78 82 84 76 72 72 77 69 68 62 52 40 50 48
45 49 52 23 26 30 32 28 43 23 27 27 29 59 39 41 51 31 32 54 67 56 31 64 53 37 55 62 64 40 46 73 65 85 72 81 63 80 83 68 75 52 51 70 62 73 78 48 43 54 34 70 74 59 89 67 49 75 73 8 72 74 175 67 62 58 68 97 87 76 75 62 101 54 98 98 106 87 60 46 58 30 38 52 51 24 43 56 63 35 40 49 57 39 33 42
53 57 54 26 28 21 22 14 36 40 34 25 29 60 51 46 61 45 43 58 58 27 51 54 40 34 56 63 57 38 53 57 33 88 74 82 58 83 84 88 69 42 41 71 64 78 71 61 34 36 31 48 41 80 98 36 56 69 65 52 21 66 113 74 81 53 55 79 76 70 63 52 94 71 76 104 109 128 70 49 60 21 52 55 51 27 38 5 39 48 43 49 62 54 46 47
53 30 48 45 39 28 28 27 25 21 31 14 18 30 29 15 25 44 34 34 21 43 49 53 38 64 71 63 33 59 64 56 52 84 78 73 73 48 88 58 54 58 65 69 54 72 72 72 33 27 24 34 59 80 87 27 52 90 74 76 41 74 75 78 69 77 72 40 29 58 47 62 72 60 77 108 95 47 40 72 67 48 38 58 57 62 73 71 61 5 44 41 56 60 50 44
39 44 42 51 22 40 42 23 29 24 34 18 19 42 45 23 35 41 36 25 23 56 52 40 24 60 68 38 26 72 58 59 59 80 69 65 71 46 74 62 64 46 44 66 56 69 71 55 26 23 25 63 79 77 74 41 76 97 75 80 47 58 67 72 63 60 74 82 56 81 72 125 89 68 101 87 86 79 64 48 69 61 29 53 49 78 84 58 77 39 44 22 44 45 29 15
94 98 124 96 74 52 53 55 33 15 31 14 20 27 40 36 30 26 14 23 21 64 71 38 44 56 53 12 22 56 30 47 43 77 76 53 87 96 69 44 50 66 77 76 40 78 90 44 22 37 61 66 69 69 32 74 86 70 74 54 51 65 53 63 52 35 47 77 80 70 69 20 34 83 85 81 68 58 73 78 74 65 38 68 79 64 76 69 35 69 82 67 48 71 50 56
84 73 98 88 82 50 60 44 38 41 32 35 21 12 31 25 27 37 30 20 16 48 64 56 69 42 34 21 35 52 44 45 47 69 53 60 78 84 68 50 65 71 69 63 58 95 103 33 20 71 70 78 83 58 22 79 79 68 77 49 43 73 74 54 36 47 53 61 67 52 66 20 57 54 67 65 77 75 46 65 64 78 49 67 65 66 73 72 56 71 79 70 80 107 86 84
72 60 74 45 64 63 49 41 46 33 44 34 36 31 13 20 37 24 21 19 17 33 40 46 44 27 21 18 28 38 48 53 80 75 30 35 48 58 51 66 59 77 72 68 34 81 81 21 58 67 71 68 65 34 59 75 76 87 81 58 51 75 67 69 55 48 61 51 58 81 93 24 61 65 68 55 58 51 45 68 77 38 46 54 43 65 75 75 78 74 66 66 76 71 74 65
50 58 41 29 29 73 54 47 37 74 85 70 50 49 51 63 76 49 23 16 15 22 31 25 33 15 21 21 33 35 46 67 72 53 27 28 29 56 60 72 69 74 60 58 58 68 61 21 63 70 73 73 61 53 59 71 77 81 68 49 35 73 75 71 59 52 63 58 57 68 74 24 54 65 71 73 59 60 44 74 65 40 34 42 43 68 73 71 74 41 55 53 65 66 65 68
48 38 72 54 59 67 64 66 73 97 70 79 53 77 66 59 38 55 58 52 26 8 27 33 27 31 42 20 42 32 35 49 47 39 19 24 24 20 27 68 70 42 62 41 68 58 23 71 62 59 67 64 54 44 47 60 75 75 59 62 38 78 77 78 78 35 49 62 66 59 60 21 63 61 49 93 81 52 49 49 54 49 41 50 40 55 59 58 62 95 69 52 64 61 54 56
49 36 75 38 29 47 56 64 62 44 53 61 53 52 43 43 46 38 37 70 39 25 29 25 25 33 28 22 52 37 31 42 46 29 25 23 21 20 20 57 54 36 71 62 70 34 21 77 65 43 58 62 68 35 48 60 75 76 64 59 54 67 72 57 73 54 56 61 52 52 55 17 52 58 82 75 59 50 60 49 42 54 53 66 54 41 51 56 65 65 77 55 68 52 46 50
